molecules.ENST00000009589	2286	3338	3385	3534	3470	3364	3580	3779	3639	4064	4186	4232	4131	4426	4401	4550	4589	4683	4650	4565	4730	4928	5015	5013	5146	5212	5151	5036	5187	5380	5309	5284	5372	5137	5398	5506	5425	6217	6053	6125	6174	6333	6459	6547	6596	6443	6499	6724	6575	6509	6543	6244	6958	6627	6317	6678	6980	7047	7484	7404	7575	7134	6910	7249	7313	7596	7481	7218	7283	7558	7384	7664	7510	7398	7706	7784	7825	7830	7835	7443	7459	7637	7335	7555	7578	7533	7684	7570	7580	7454	7703	7558	7420	7486	7467	7547	7739	7528	7552	7596
molecules.ENST00000007516	48	49	47	48	46	47	47	48	49	48	48	43	46	46	46	48	48	50	48	47	44	49	48	46	47	51	51	50	92	82	96	97	99	103	104	103	129	123	137	139	161	158	167	192	223	235	235	244	242	247	267	278	275	266	278	299	295	360	359	352	331	363	393	387	412	402	409	417	416	407	392	427	421	426	425	426	435	461	451	453	449	514	510	502	504	523	527	541	549	556	559	554	552	558	578	585	608	643	630	605
molecules.ENST00000028008	3	3	3	3	3	3	3	3	3	3	3	3	3	3	3	3	3	3	3	3	3	3	2	2	2	2	2	2	2	3	3	3	3	3	3	3	3	3	2	2	2	3	3	3	3	2	2	2	2	3	3	3	3	3	3	2	2	3	3	3	3	3	2	2	1	1	1	1	0	2	2	2	2	2	1	1	1	1	1	1	2	2	2	3	3	3	3	3	3	3	2	2	2	2	2	0	0	2	2	2
molecules.ENST00000037243	116	120	120	112	122	123	118	118	124	231	238	240	243	249	236	233	255	210	238	267	264	241	253	266	254	354	350	345	368	353	346	382	388	396	393	425	478	482	461	464	482	464	489	491	514	523	525	528	537	542	561	563	554	551	561	588	582	563	581	589	576	605	613	628	628	649	652	652	628	637	623	630	643	644	724	737	716	738	759	719	762	825	857	864	842	864	844	824	840	948	938	948	935	896	923	966	962	980	975	1005
molecules.ENST00000054666	16	16	16	16	16	17	16	16	17	17	15	14	14	15	13	17	17	16	17	16	15	15	15	16	14	16	15	13	15	17	16	16	16	17	17	17	15	14	13	16	17	17	14	13	12	13	15	16	16	15	15	14	16	16	16	15	15	16	16	17	17	17	17	17	17	16	17	17	17	17	16	16	14	15	13	15	15	17	14	14	12	16	16	16	16	18	18	17	17	17	17	17	16	18	17	17	16	18	19	19
molecules.ENST00000054668	1	1	1	1	1	1	1	1	1	1	1	1	1	1	1	1	1	1	1	1	1	1	1	1	1	1	1	1	1	1	1	1	1	1	1	1	1	1	1	1	1	1	1	1	1	1	1	1	1	1	1	1	1	1	1	1	0	1	1	1	1	1	1	1	1	1	1	1	1	1	1	1	1	1	1	1	1	1	1	1	1	1	1	1	1	1	1	1	1	1	1	1	1	1	1	1	1	1	1	1
molecules.ENST00000037869	3	3	3	3	3	3	3	3	3	3	3	3	3	3	3	2	2	3	3	3	3	3	3	3	3	3	3	3	2	3	3	3	3	3	3	3	3	3	4	4	4	4	4	4	4	4	4	4	4	4	4	4	4	4	4	4	20	19	20	26	29	28	28	29	29	28	29	28	31	30	33	37	35	32	36	38	38	38	41	42	41	43	42	42	40	44	42	48	49	49	50	48	54	57	57	54	50	58	62	62
molecules.ENST00000194214	3646	3627	3706	3690	3607	3514	3597	3437	3642	3395	3696	3672	3669	3784	3796	3754	3581	3690	3692	3840	3777	3715	3591	3697	3618	3785	3743	3716	3832	3704	3783	3650	3725	3759	3814	3871	3860	3841	3905	3878	3879	3862	3826	3780	3734	3815	3789	3815	3695	3823	3877	3767	3842	3782	3682	3926	3930	3910	3881	3802	3939	3777	3819	0	3856	3927	3871	3847	3775	3672	3883	3874	3911	3775	3781	3863	3871	3691	3808	3825	3927	3938	3878	3876	4040	3934	4082	4035	4023	4026	3992	3883	3787	3948	3892	3891	3737	3900	4017	3888
molecules.ENST00000202017	6	6	6	6	6	6	6	6	4	5	6	6	5	6	6	6	6	6	6	6	5	5	5	6	6	6	6	6	6	6	6	6	6	6	6	6	6	6	6	5	5	6	6	6	6	6	6	6	5	6	6	6	6	6	6	6	6	6	6	5	6	6	6	6	6	5	6	5	5	5	5	5	5	5	5	6	5	5	5	5	6	6	6	6	6	4	4	4	5	6	5	5	6	5	6	6	6	6	6	6
molecules.ENST00000211314	28	25	27	27	27	26	26	27	26	28	25	27	28	28	28	28	28	28	28	28	25	27	27	27	27	26	26	25	27	27	29	30	29	29	27	28	29	30	30	32	32	32	31	29	30	32	33	33	33	30	32	32	31	32	32	31	32	28	31	31	31	30	47	48	49	48	50	50	49	47	47	48	48	46	47	50	52	52	52	51	52	51	50	51	50	51	59	62	64	68	70	70	73	75	73	78	77	78	75	78
molecules.ENST00000202834	17	19	15	16	17	15	18	23	25	26	26	26	25	24	27	27	20	26	26	30	29	43	56	60	59	60	59	52	58	96	100	101	89	96	95	102	113	113	110	112	111	116	114	116	114	114	116	112	109	106	108	140	147	153	157	158	172	170	168	172	176	160	221	213	199	224	247	295	296	301	299	317	282	287	273	274	262	286	288	326	326	313	323	322	342	353	353	359	354	399	420	424	430	430	435	433	428	434	442	453
molecules.ENST00000215531	0.0	0.0	0.0	0.0	0.0	0.0	0.0	0.0	0.0	0.0	0.0	0.0	0.0	0.0	0.0	0.0	0.0	0.0	0.0	0.0	0.0	0.0	0.0	0.0	0.0	0.0	0.0	0.0	0.0	2	2	2	2	2	2	2	2	2	4	4	4	4	4	4	4	4	3	4	3	3	3	4	4	4	4	4	4	4	3	3	4	4	4	4	4	3	4	4	3	4	4	4	4	4	4	4	4	4	4	4	4	4	4	4	4	4	4	4	3	3	4	3	4	4	4	4	4	4	4	4
molecules.ENST00000215565	44	42	41	42	42	38	41	41	42	44	37	40	37	38	39	39	40	43	41	41	38	42	44	44	44	42	43	0	44	45	43	42	40	40	41	38	41	41	41	41	40	32	31	39	42	42	43	43	44	44	43	43	41	42	43	43	39	42	41	42	45	44	44	43	44	42	43	42	0	41	44	43	42	44	40	42	42	39	42	39	38	42	41	41	40	41	37	44	44	47	53	55	57	54	58	57	54	54	59	58
molecules.ENST00000215570	2	2	2	1	0	0	0	0	1	2	1	0	0	1	1	2	2	2	1	1	2	2	2	2	2	2	2	2	2	2	2	2	2	2	2	2	2	2	2	2	1	2	2	2	1	1	1	1	1	2	1	1	1	2	1	1	1	1	1	1	1	1	2	1	2	1	2	2	1	2	1	1	1	1	1	1	1	2	1	1	1	1	1	1	1	2	1	1	2	2	1	1	1	1	1	1	1	1	2	2
molecules.ENST00000215631	25	25	23	20	24	27	27	28	0	28	28	29	28	27	25	25	25	26	28	27	28	29	30	29	24	20	26	27	24	26	24	25	28	28	28	24	30	30	27	29	27	27	27	30	30	31	27	27	25	27	28	27	26	27	29	29	27	27	29	27	28	27	27	27	28	26	27	26	24	25	26	28	28	28	26	25	29	26	28	26	29	31	31	32	31	31	29	31	36	32	32	34	29	32	32	34	33	37	40	36
molecules.ENST00000215754	135	136	136	130	121	120	124	134	130	133	128	118	123	124	123	123	123	117	129	134	137	138	137	135	137	134	124	125	131	132	0	130	134	134	134	133	130	135	134	126	132	137	135	136	130	133	139	136	136	137	137	136	140	139	138	136	137	139	137	135	136	130	134	137	133	136	137	135	134	136	138	138	136	136	138	138	135	133	138	138	136	135	132	124	128	126	134	130	127	133	129	137	132	124	131	128	138	139	121	126
molecules.ENST00000215909	156	0	145	149	151	155	153	156	156	145	154	158	157	152	162	154	160	156	146	147	154	157	151	157	162	159	157	155	157	157	155	156	157	155	156	154	157	157	153	152	156	160	169	165	164	169	171	172	173	171	180	168	175	199	204	212	212	220	220	254	256	256	245	0	328	358	343	353	389	435	433	443	452	468	441	458	456	460	536	573	622	650	645	649	677	674	647	684	715	718	721	704	689	708	688	728	733	732	692	705
molecules.ENST00000216029	9	9	8	8	8	7	7	7	9	8	9	8	8	8	8	8	9	9	9	9	9	9	9	9	9	17	15	15	16	15	14	16	14	14	16	16	16	16	15	16	17	17	16	17	16	17	17	17	17	17	17	17	16	17	17	15	16	15	16	17	17	17	17	17	17	17	14	14	16	16	14	20	21	26	26	24	22	22	26	26	26	26	26	26	24	22	22	24	24	24	25	26	24	25	27	26	28	29	28	28
molecules.ENST00000216034	7	7	7	7	7	7	5	6	7	5	5	6	6	7	7	7	7	7	7	6	6	6	6	7	7	6	6	5	6	6	5	5	5	6	6	6	6	7	5	5	6	5	5	6	6	4	4	4	6	7	7	7	7	7	0	7	6	7	7	7	5	6	7	7	7	7	6	6	5	6	7	7	7	7	6	7	8	9	9	8	9	8	9	9	7	7	9	8	9	7	10	10	12	12	12	12	14	14	13	12
molecules.ENST00000216225	131	120	116	115	115	119	120	95	93	121	119	121	126	127	129	130	121	124	131	131	137	137	134	127	123	130	129	132	130	131	139	137	139	136	134	132	139	140	139	145	135	144	141	142	135	132	138	0	137	130	128	118	120	120	128	137	141	151	149	135	148	146	151	139	149	131	129	127	131	136	149	151	153	156	156	155	141	127	144	141	142	153	134	149	150	151	147	147	145	146	140	141	136	139	137	147	148	148	142	142
molecules.ENST00000216068	2	2	2	2	2	2	2	2	2	2	2	2	2	2	2	2	2	2	2	2	2	2	2	2	2	2	2	2	2	2	2	2	2	2	2	2	2	2	2	2	2	2	2	2	2	2	2	2	0	2	2	2	2	2	2	2	2	2	2	2	2	2	2	2	2	2	2	2	2	2	2	2	2	2	2	2	2	2	2	2	2	2	2	2	2	2	2	2	2	2	2	2	2	2	2	2	2	2	2	1
molecules.ENST00000215829	138	152	151	141	137	134	138	150	144	137	144	151	140	148	150	125	121	133	134	143	139	109	112	143	127	121	134	130	131	137	141	138	0	152	151	153	153	163	153	146	155	139	142	164	156	154	154	141	150	149	152	144	144	156	150	160	164	152	167	147	144	137	139	146	142	151	147	146	144	138	137	141	135	138	142	125	122	127	119	127	124	142	134	140	142	132	128	144	136	135	139	136	130	138	141	138	136	130	119	121
molecules.ENST00000215886	642	644	691	661	664	652	698	700	728	726	703	684	724	723	733	748	753	759	764	790	807	803	811	825	825	871	877	849	857	822	810	873	920	917	931	950	952	945	941	914	959	948	964	968	980	990	984	1013	996	954	897	908	904	990	985	980	1022	1040	1045	1055	1014	1061	1043	1069	1140	1158	1125	1112	1132	1112	1158	1173	1179	1145	1167	1137	1103	1087	1093	1076	1167	1204	1194	1171	1196	1171	1140	1157	1110	1109	1023	1058	1078	1060	1149	1160	1116	1154	1199	1199
molecules.ENST00000218432	158	142	137	156	162	159	162	167	163	152	146	149	160	161	153	125	161	165	165	163	159	156	166	164	169	168	166	164	165	166	163	161	162	163	158	165	168	172	170	169	168	166	161	167	162	158	156	158	153	154	164	164	168	171	165	168	166	165	164	163	168	169	165	161	163	162	165	167	162	159	163	161	158	160	164	162	162	162	163	162	166	165	157	165	168	169	166	165	159	168	167	166	160	162	151	160	165	159	161	170
molecules.ENST00000216252	1683	1648	1646	1667	1657	1684	1623	1614	1709	1677	1643	1647	1667	1641	1665	1671	1664	1569	1633	1599	1619	1665	1681	1728	1722	1715	1715	1708	1706	1682	1649	1562	1673	1541	1653	1669	1683	1662	1670	1683	1697	1708	1719	1683	1632	1562	1569	1584	1585	1600	1680	1733	1725	1688	1683	1704	1716	1702	1642	1689	1653	1658	1622	1644	1607	1633	1673	1663	1641	1709	1636	1651	1666	0	1637	1719	1735	1562	1678	1736	1686	1637	1620	1679	1369	1241	1416	1503	1646	1573	1650	1619	1624	1683	1642	1609	1687	1582	1609	1769
molecules.ENST00000216416	3	3	3	3	3	3	3	3	3	3	3	3	3	3	3	3	3	3	3	3	4	4	4	3	3	2	4	3	5	4	5	5	5	4	5	5	5	5	5	5	4	5	5	5	5	5	5	5	5	4	4	5	5	4	4	5	5	5	5	5	6	6	6	6	6	6	6	5	5	4	5	5	6	6	6	6	6	5	5	5	4	7	7	7	6	6	7	7	7	7	7	7	7	7	7	7	7	7	5	5
molecules.ENST00000219400	10	10	10	10	10	10	10	10	10	10	10	10	10	10	10	10	10	10	10	9	9	9	10	10	10	10	10	9	9	9	8	9	10	9	10	10	10	10	10	10	10	10	10	10	10	11	10	11	11	11	10	10	8	10	11	10	11	11	11	11	10	10	11	10	0	11	11	11	11	11	10	10	9	10	11	11	11	11	11	11	11	11	11	11	10	11	11	11	11	11	11	11	11	11	11	10	10	9	10	10
molecules.ENST00000220913	1	1	1	1	1	1	1	1	1	1	1	1	0	1	1	1	1	1	1	1	1	1	0	1	2	2	2	2	2	3	3	3	3	3	3	3	0	11	20	20	21	21	22	21	21	21	21	24	26	26	27	30	29	26	29	31	30	29	28	33	30	32	33	31	30	32	30	33	31	10	31	29	32	32	30	31	31	31	30	28	24	25	21	22	20	21	19	20	24	23	25	24	25	24	24	23	25	24	25	23
molecules.ENST00000221515	1	1	1	1	1	1	1	1	1	1	1	1	1	1	1	1	1	1	1	1	1	1	1	1	1	1	1	1	1	1	1	1	1	1	1	0	1	1	1	1	1	1	1	1	1	1	1	1	1	1	1	1	1	1	1	1	1	1	1	0	1	1	1	1	1	1	1	1	1	1	1	1	1	1	1	1	1	1	1	1	2	2	2	2	2	2	2	2	2	2	2	2	2	2	2	2	2	2	2	2
molecules.ENST00000219168	33	34	34	33	32	35	35	33	32	33	33	35	34	35	37	35	36	36	39	40	39	49	47	46	45	44	45	47	51	51	48	47	45	45	44	42	47	51	46	50	54	52	0	67	67	69	67	71	72	70	70	69	68	67	67	69	68	68	68	76	78	76	76	75	78	78	80	78	77	75	74	74	76	77	78	72	72	72	66	71	65	61	61	68	71	74	69	75	73	75	76	77	75	73	76	73	70	76	71	76
molecules.ENST00000221804	77	75	76	74	78	78	79	83	82	79	74	74	74	80	81	78	79	76	78	78	79	78	71	77	77	81	83	83	82	81	83	83	83	75	79	78	81	82	80	81	81	73	75	80	80	80	79	78	79	76	76	78	79	82	76	78	82	83	77	81	78	77	79	78	79	78	81	81	74	68	73	73	80	79	80	78	74	82	79	80	80	80	79	82	83	82	83	85	83	69	74	74	73	85	83	85	86	85	83	83
molecules.ENST00000221770	2	2	2	2	2	2	2	3	3	3	3	3	1	2	1	1	2	3	4	3	4	4	4	4	4	4	4	3	4	3	3	4	4	4	4	4	4	4	4	4	4	4	4	4	4	3	5	5	5	5	4	4	0	4	4	4	4	3	3	3	3	3	3	4	4	4	3	4	4	4	4	4	3	3	3	3	3	3	3	4	2	2	2	4	4	2	2	2	4	4	3	4	4	4	4	4	3	3	4	4
molecules.ENST00000221975	3097	3072	3081	3082	2995	3075	2999	3166	3177	3159	2940	2638	2689	2609	2588	2659	2916	2982	3168	3150	3064	3095	3121	3038	3057	2982	3088	3191	3197	2586	2875	3050	3066	3207	3153	3175	3190	3050	3062	3192	3250	3155	3243	3185	3253	3461	3594	3593	3587	3588	3508	3702	3753	3733	3670	3762	3715	3476	3481	3546	3620	0	3869	3803	3793	3767	3851	3966	4058	3937	3954	3864	3938	3849	3829	3809	3843	3725	3472	3732	3787	3790	3819	3725	3742	3966	4002	3965	4038	3926	3911	3963	3906	3824	3827	3799	3945	3962	3920	3787
molecules.ENST00000221859	22	21	19	20	21	24	20	25	24	26	24	24	26	24	26	26	25	23	25	25	24	26	25	24	25	25	26	23	21	25	0	26	27	29	28	28	28	28	29	27	28	27	25	26	28	26	26	26	27	25	25	25	26	28	29	28	29	28	28	29	28	27	27	26	23	28	28	27	28	28	27	28	29	28	26	23	27	25	25	27	29	29	25	29	29	26	29	28	26	29	31	30	30	28	29	30	31	29	27	29
molecules.ENST00000222547	44	44	45	44	43	42	41	43	41	42	42	43	44	45	45	44	43	45	45	45	45	44	44	42	43	45	44	42	41	43	43	44	45	44	43	43	43	42	41	42	42	44	45	45	45	45	44	45	43	44	44	44	45	45	45	42	44	43	44	44	44	44	57	57	55	54	53	57	56	56	57	56	54	56	54	54	56	56	56	56	57	56	58	58	57	57	57	59	60	59	60	59	59	59	60	60	60	60	59	59
molecules.ENST00000222266	4	3	4	3	3	3	3	5	4	4	4	4	4	4	4	4	4	4	4	4	4	4	4	3	3	4	3	3	4	4	4	4	4	4	4	4	4	4	4	4	3	3	4	4	4	4	4	5	5	5	5	5	5	3	8	7	8	7	7	9	9	9	9	14	13	14	16	18	18	18	17	17	17	18	19	19	15	15	18	17	19	21	22	23	21	21	24	19	22	24	26	27	33	36	35	38	40	43	35	39
molecules.ENST00000221978	203	200	202	197	203	203	198	199	199	190	192	197	204	201	201	202	199	193	202	203	204	199	193	197	197	203	202	209	208	214	200	193	222	223	222	221	225	223	226	229	224	229	226	212	211	219	218	215	224	200	196	228	222	218	224	207	210	228	227	235	232	0	233	237	241	244	242	247	247	243	252	304	306	327	318	320	316	321	339	341	316	347	365	350	357	381	378	370	372	372	371	371	367	352	350	352	369	381	383	389
molecules.ENST00000223084	1	1	1	1	1	1	1	1	1	1	1	1	1	1	1	1	1	1	1	1	1	1	1	1	1	1	1	1	1	1	1	1	1	1	1	1	1	1	1	1	1	1	1	1	1	1	1	1	1	1	1	1	1	1	1	1	1	1	1	1	1	1	1	1	1	1	1	1	1	1	1	1	1	1	1	1	1	1	1	1	1	1	1	1	1	1	1	1	1	1	1	1	1	1	1	1	1	1	1	1
molecules.ENST00000221576	1	1	1	1	1	1	1	1	1	1	1	1	1	1	1	1	1	1	1	1	1	1	1	1	1	1	0	1	1	1	1	1	1	1	1	1	1	1	1	1	1	1	1	1	1	1	1	1	1	1	2	2	2	2	2	3	3	3	4	4	4	4	4	4	4	4	3	4	5	5	5	5	5	5	5	5	5	5	5	5	7	7	5	8	8	8	8	8	7	8	9	9	9	9	13	13	13	12	12	16
molecules.ENST00000223136	99	103	97	98	101	100	99	98	99	98	99	99	102	101	99	100	99	101	101	90	95	100	100	98	95	94	100	97	96	100	93	97	100	100	100	101	98	96	88	101	103	94	101	101	97	92	93	95	92	85	97	100	97	87	89	95	102	95	102	103	89	88	98	97	91	92	96	98	103	102	101	99	100	98	85	98	102	100	95	92	87	99	100	101	93	102	102	101	102	100	89	89	83	94	102	102	102	95	99	101
molecules.ENST00000223336	828	827	831	820	811	826	850	825	819	835	815	772	763	828	810	818	835	807	830	863	862	839	790	798	824	827	0	853	859	871	856	846	854	858	871	857	862	836	840	805	860	888	846	802	854	865	792	885	903	882	853	831	855	886	908	826	909	920	902	905	846	897	895	908	935	935	966	961	983	900	916	976	989	973	1002	989	954	952	993	987	909	940	982	964	978	1011	1006	925	959	986	1017	996	1023	1032	1031	1036	1019	1018	965	938
molecules.ENST00000223129	2588	2554	2568	2526	2526	2528	2471	2492	2422	2449	2468	2439	2455	2525	2419	2510	2538	2477	2595	2580	2574	2565	2454	2515	2588	2427	2399	0	2274	2485	2528	2610	2577	2603	2619	2591	2541	2566	2554	2504	2506	2479	2448	2450	2422	2470	2479	2576	2537	2540	2559	2610	2495	2558	2605	2565	2600	2531	2317	2320	2296	2539	2605	2627	2601	2582	2562	2575	2565	2621	2578	2520	2496	2584	2567	2616	2651	2546	2548	2505	2544	2582	2538	2608	2602	2597	2604	2473	2569	2546	2449	2537	2588	2645	2510	2598	2605	2580	2619	2593
molecules.ENST00000222969	19	19	18	18	16	18	19	17	16	15	16	15	16	16	15	16	15	17	15	14	15	17	16	16	17	17	17	16	16	16	17	17	16	14	14	16	17	16	17	16	15	11	16	14	16	13	14	13	12	13	13	14	14	13	14	14	14	14	14	13	13	13	13	13	13	13	13	13	12	13	13	13	13	13	14	14	14	11	14	14	14	14	13	14	14	14	14	14	14	14	13	13	14	14	14	13	13	13	13	15
molecules.ENST00000224073	110	109	106	105	106	110	106	110	107	88	101	84	99	100	108	100	103	105	98	99	100	104	108	105	108	101	95	90	108	0	110	103	100	102	106	100	98	106	110	112	114	113	111	107	105	108	108	108	114	115	109	114	113	113	113	114	115	110	112	113	114	109	114	114	113	111	112	111	113	113	113	113	107	110	107	108	108	113	112	114	116	114	114	105	104	114	106	105	105	98	112	111	108	115	115	108	114	112	111	113
molecules.ENST00000223641	0	61	59	63	61	64	65	64	63	61	62	63	63	59	61	62	61	60	63	65	63	61	65	64	63	64	66	62	64	64	65	66	63	63	81	84	85	79	82	85	85	89	91	91	94	105	106	104	106	104	106	105	100	93	102	102	101	87	80	90	91	97	107	101	102	101	104	99	105	100	102	104	101	103	104	104	105	100	96	99	103	106	104	103	102	107	105	107	107	106	107	108	103	100	100	95	94	96	98	97
molecules.ENST00000223864	134	141	141	135	133	131	147	162	170	171	170	165	167	162	164	162	155	154	171	192	213	206	211	220	214	217	225	219	237	262	257	258	250	222	198	253	246	261	277	256	283	256	282	280	284	281	285	282	289	278	295	216	296	305	297	291	257	282	285	287	288	294	312	312	313	317	314	323	338	328	329	343	343	334	331	318	332	327	340	331	331	332	329	335	335	336	334	342	338	340	326	339	333	332	336	309	321	326	333	336
molecules.ENST00000225655	90	89	90	89	82	86	92	92	94	93	91	87	88	88	95	99	100	101	113	122	127	127	133	167	167	176	208	216	210	211	219	211	395	481	591	601	619	623	684	700	697	752	738	926	1014	997	976	1235	1267	1267	1404	1373	1516	1458	1536	1628	1678	1797	2351	2349	2310	2481	2399	2126	2620	2835	2632	3284	3541	3745	3662	3937	3984	4064	3952	3939	4037	0	4784	4866	4917	5249	5353	5704	5665	5834	6263	6165	6074	6606	6817	6835	7181	7300	7447	7648	6962	7321	7091	6668
molecules.ENST00000225728	98	102	102	101	100	96	93	0	99	96	98	93	98	94	99	97	97	97	98	92	99	95	95	99	97	96	95	103	99	99	102	100	98	102	103	100	103	102	99	94	92	96	102	96	89	93	96	99	89	85	78	87	91	86	97	101	99	100	96	97	98	96	97	101	95	102	97	92	89	85	90	90	100	99	101	98	98	98	100	98	102	101	97	79	95	88	95	94	101	102	100	100	102	100	101	103	100	98	94	96
molecules.ENST00000225969	865	834	855	862	853	845	858	855	886	881	886	811	900	896	897	894	909	885	908	833	833	849	868	837	827	832	797	892	835	865	851	862	877	877	903	909	881	890	922	876	915	896	914	840	907	830	899	905	891	885	902	905	906	919	924	897	847	816	859	884	925	930	918	918	911	855	854	881	887	829	859	897	896	919	914	939	948	913	930	924	939	859	928	933	924	928	925	933	937	928	934	920	937	926	968	961	926	935	900	938
molecules.ENST00000228140	399	389	391	393	387	0	405	413	400	402	420	377	377	405	413	409	0	412	416	427	400	385	401	405	391	392	397	418	417	437	429	425	431	439	435	439	403	428	430	443	444	442	437	443	448	453	453	446	420	439	429	428	445	460	449	421	455	406	446	415	436	449	446	450	441	431	410	447	434	432	425	400	418	409	434	456	452	404	402	413	414	433	401	456	455	474	480	474	460	470	482	483	476	468	474	482	467	477	467	477
molecules.ENST00000227618	14	13	13	13	12	11	14	14	13	13	13	13	13	13	12	12	11	11	11	11	10	11	12	12	12	12	11	11	11	12	12	12	12	13	13	13	13	13	13	14	14	13	14	13	13	14	15	14	14	14	15	15	14	14	15	13	14	14	14	13	12	12	13	11	11	11	13	14	14	14	14	14	14	14	14	14	13	14	14	14	14	14	14	14	14	14	14	0	14	14	14	14	13	12	13	14	14	13	13	14
molecules.ENST00000226730	0.0	0.0	0.0	0.0	0.0	0.0	0.0	22	22	21	23	39	39	37	39	44	43	43	45	45	45	45	44	44	45	45	44	42	43	43	44	44	39	40	43	43	42	44	44	45	45	45	45	45	45	45	45	42	43	42	42	43	44	41	41	43	45	45	44	44	45	44	43	45	44	43	43	42	44	44	45	45	45	45	45	40	0	44	42	45	44	42	43	45	43	43	44	42	44	45	45	44	45	45	43	44	45	40	39	42
molecules.ENST00000229238	210	197	186	190	196	208	208	209	202	197	194	188	206	212	192	202	195	195	207	183	191	207	192	191	199	193	188	178	170	178	178	205	214	211	203	195	200	182	201	205	198	196	184	199	187	193	194	182	195	0	189	181	197	200	193	194	195	182	197	198	198	191	192	200	209	202	187	191	188	195	202	201	204	216	213	215	204	185	173	188	195	210	209	207	215	199	178	175	178	191	200	198	212	216	209	205	203	200	216	182
molecules.ENST00000228865	5	5	5	0	4	4	5	5	5	5	5	4	4	4	4	4	4	4	5	5	5	5	5	5	4	4	5	5	5	5	5	5	5	4	3	5	4	4	5	4	4	4	5	5	5	5	5	5	5	5	5	5	4	3	5	5	5	5	2	5	5	5	5	6	6	5	5	5	5	5	6	5	6	8	8	7	8	7	7	7	7	7	6	7	6	7	7	8	8	8	7	7	6	7	7	8	8	8	17	17
molecules.ENST00000228438	1539	1607	1646	1689	1675	1688	1686	1695	1657	1695	1667	1670	1660	1666	1609	1596	1656	1584	1521	1420	1495	1395	1665	1736	1671	1717	1714	1669	1689	1739	1699	1690	1711	1610	1703	1712	1684	1661	1640	1631	1719	1738	1728	1657	1729	1690	1671	1730	1745	1776	1795	1732	1784	1737	1719	1613	1706	1705	1734	1655	1761	1765	1743	1685	1738	1771	1798	1628	1755	1774	1758	1659	1639	1725	1692	1717	1648	1730	1685	1694	1608	1772	1749	1735	1727	1789	1775	1758	1780	1683	1745	1770	1708	1769	1780	1718	1716	1685	1684	1660
molecules.ENST00000229281	100	105	99	90	105	107	108	109	106	108	105	103	108	111	110	99	106	105	97	92	98	97	106	108	106	105	106	108	107	106	104	107	107	104	103	106	106	103	105	102	96	98	104	106	109	109	109	111	111	111	108	105	104	107	110	105	108	105	104	106	101	100	103	105	99	104	99	97	99	103	113	110	111	111	113	114	112	110	109	110	111	112	110	102	104	110	111	112	110	111	109	109	110	107	108	107	107	103	100	95
molecules.ENST00000229314	4	4	4	4	4	0	4	4	4	4	4	4	4	4	4	4	3	3	3	4	4	4	4	4	3	4	4	0	4	4	4	4	4	4	4	4	3	2	3	3	4	4	3	4	4	6	7	7	7	7	6	7	7	6	7	7	7	7	7	7	7	7	7	4	7	6	6	7	7	4	0	7	7	7	7	7	7	4	4	4	5	6	6	7	6	8	8	8	8	8	7	8	7	7	7	8	7	8	8	8
molecules.ENST00000229563	33	34	32	34	33	34	36	36	36	36	35	35	31	33	35	35	34	35	35	34	33	34	35	35	35	35	35	37	38	39	37	39	36	38	38	38	38	38	28	36	36	35	34	33	35	34	35	42	42	42	42	40	43	47	46	45	46	46	47	55	52	53	53	54	58	61	56	60	55	62	60	73	69	72	79	82	81	80	80	84	82	81	84	84	109	103	113	105	107	134	132	156	155	191	203	213	218	212	224	235
molecules.ENST00000230048	4	4	4	3	4	4	4	4	4	4	4	4	4	4	3	4	2	4	0	4	4	4	4	4	4	4	4	4	3	4	4	4	4	4	4	4	4	4	4	5	4	5	5	5	6	6	6	6	6	6	6	6	6	6	6	6	6	6	5	5	6	4	0	6	6	7	7	6	5	6	6	6	7	7	6	5	7	6	6	2	2	2	1	1	1	2	2	2	2	2	1	2	2	1	1	2	2	5	4	4
molecules.ENST00000229570	40	41	44	40	41	45	45	45	47	46	44	46	44	45	42	46	46	46	45	45	46	48	47	44	44	38	44	41	42	41	43	45	44	42	45	45	48	48	46	45	45	46	46	45	46	0	48	47	46	47	49	49	47	48	46	45	46	47	47	47	48	47	47	47	47	48	48	46	46	47	47	48	46	46	48	48	48	43	44	47	49	46	46	48	46	40	46	47	47	47	47	41	43	43	44	44	46	46	43	42
molecules.ENST00000232519	12	12	11	11	9	10	10	10	11	12	11	11	12	12	12	12	12	11	11	10	12	12	11	12	12	12	11	12	12	12	12	11	10	11	12	12	11	11	10	11	12	12	11	11	12	12	12	12	11	9	12	12	12	11	10	11	11	12	11	12	12	12	12	11	12	12	12	12	12	10	9	12	12	12	12	12	12	12	10	11	12	12	12	12	12	12	11	12	12	11	12	12	12	12	12	12	11	11	11	12
molecules.ENST00000232496	2	3	2	3	3	1	2	1	2	1	3	3	3	3	3	3	3	3	3	2	2	2	2	2	2	2	1	1	1	3	3	3	4	3	4	4	4	4	4	3	4	4	4	4	4	2	3	3	3	3	3	4	4	4	3	3	3	3	3	3	3	4	4	4	4	3	3	3	4	4	4	5	5	5	5	5	5	5	5	5	5	5	3	4	4	3	4	4	5	5	5	5	5	5	4	3	2	2	2	4
molecules.ENST00000233092	9	8	9	8	8	8	9	9	8	9	8	9	9	8	9	9	9	9	8	9	9	9	7	8	9	8	8	8	9	7	7	6	6	6	7	9	9	8	8	8	6	9	8	8	9	9	9	9	9	7	7	7	7	8	8	8	8	8	8	8	8	9	9	9	9	9	9	9	9	9	9	9	9	9	9	9	9	9	8	8	8	8	9	9	9	9	9	9	9	8	9	8	8	8	9	8	8	8	8	8
molecules.ENST00000233468	6978	6988	6861	6759	6591	6663	6577	6163	6651	6545	7014	6917	6674	7044	6999	6989	6976	6972	6911	7175	7234	7147	7218	7147	7242	7194	7243	7249	7153	7096	7089	7020	7030	7116	6804	6920	7055	7185	7085	7089	7080	7041	6931	6086	6867	7039	7239	7303	7336	7278	7082	7231	7205	7271	7177	7314	7308	7380	7368	7430	7408	7371	7085	7212	7422	7425	7432	7432	7518	7478	7582	7007	6941	7422	7500	7517	7538	7603	7260	7370	7429	7556	7409	7229	7358	7313	7348	7044	7527	7140	7359	7672	7658	7491	7545	7411	7429	7488	7623	7779
molecules.ENST00000232905	2365	2383	2356	2295	2353	2253	2279	2127	0	2388	2385	2370	2409	2342	2369	2357	2243	2196	2195	2165	2322	2377	2307	2339	2334	2352	2348	2374	2364	2380	2431	2434	2387	2346	2310	2394	2430	2395	2440	2444	2452	2467	2552	2508	2500	2521	2518	2510	2501	2567	2582	2504	2551	2590	2489	2524	0	2614	2562	2583	2573	2562	2550	2583	2498	2567	2539	2515	2459	2596	2643	2602	2538	2555	2565	2625	2621	2566	2456	2694	2677	2655	2605	2604	2457	2574	0	2700	2641	2589	2562	2251	2549	2540	2673	2775	2780	2756	2677	2769
molecules.ENST00000233609	1135	0	1147	1159	1159	1174	1164	1154	1095	1157	1171	1167	1171	1054	987	1114	1140	1133	1154	1109	1156	1105	1103	1144	1181	1198	1195	1199	1192	1162	1087	1144	1177	1176	1175	1188	1193	1179	1183	1196	1171	1139	1149	1127	1168	1164	1103	1107	1123	1114	1190	1196	1179	1170	1161	1166	1157	1135	1129	1181	1185	1194	1155	1191	1177	1187	1160	0	1116	1161	1166	1165	1148	1141	1111	1120	1115	1131	1211	1198	1206	1194	1185	1209	1180	1187	1156	1117	1063	1081	1102	1104	1113	1153	1185	1161	1201	1140	1179	1203
molecules.ENST00000234875	7569	7606	7328	0	7454	7581	7588	7563	7189	7214	6254	5858	6989	6749	6396	7110	7091	6698	6732	7430	7440	7409	7435	7522	7490	7461	7461	7470	7493	7517	7433	7417	7589	7196	6954	7466	7276	7181	7438	6970	7107	7189	7592	7539	6999	7525	7172	7173	7051	6406	7363	7095	7133	7378	7479	7398	7611	7167	6680	7184	7002	6862	7672	7779	7352	7614	7373	7512	7771	7575	7618	7388	7047	7074	7095	7172	7406	7486	7087	7028	7076	7431	7078	6902	7151	6528	6785	6952	7040	6990	7360	7604	7694	7226	6956	7297	7204	7198	6792	7265
molecules.ENST00000235307	2	1	2	3	2	2	2	3	3	3	3	2	2	3	2	3	3	3	3	3	3	2	3	2	2	2	2	2	2	3	3	3	3	3	3	3	3	3	3	3	3	2	1	1	2	2	2	2	2	2	2	2	2	2	2	2	2	2	2	2	1	1	1	1	1	1	1	1	1	1	1	1	2	2	2	2	2	2	2	2	2	2	2	2	2	2	2	1	2	1	1	2	2	2	2	2	2	2	2	2
molecules.ENST00000233893	3363	3318	3325	3448	3423	3154	3220	3397	3326	3284	3447	3436	3352	3365	3453	3508	3458	3453	3513	3440	3456	3465	3530	3571	3484	3455	3568	3606	3574	3513	3559	3349	3488	3579	3565	3406	3594	3575	3450	3594	3566	3561	3611	3627	3599	3574	3596	3391	3381	3344	3301	3538	3570	3680	3623	3185	3462	3372	3512	3692	3646	3643	3642	3690	3667	3479	3333	3288	3267	3300	3328	3459	3545	3541	3579	3544	3602	3547	3485	3392	3522	3662	3662	3704	3697	3500	3515	3498	3502	3607	3616	3575	3587	3512	3587	3532	3463	3407	3380	3593
molecules.ENST00000236067	1	1	1	1	0	0	1	1	1	0	0	1	2	2	3	3	3	3	3	3	3	3	4	4	4	4	4	3	4	4	4	4	5	4	3	5	5	6	5	5	4	4	4	6	5	5	6	6	4	5	5	4	5	5	5	4	5	6	6	6	7	5	8	7	8	8	8	9	9	9	13	13	13	11	11	11	13	13	11	13	13	13	12	13	14	14	15	16	14	15	13	15	15	10	13	11	15	17	15	16
molecules.ENST00000236192	15	16	12	15	14	17	17	17	17	17	17	16	18	16	12	12	12	13	13	13	14	14	13	11	9	12	9	9	9	9	11	10	10	10	10	11	11	11	11	12	12	13	13	12	12	11	13	11	11	12	12	14	14	13	13	11	8	9	10	11	13	13	13	14	13	13	14	13	14	12	13	13	11	13	8	14	14	13	13	12	10	0	14	14	14	14	14	14	13	14	14	14	14	12	13	14	14	13	13	14
molecules.ENST00000237858	694	650	620	672	664	674	681	678	693	679	661	653	682	709	704	681	665	635	656	680	707	698	666	647	651	682	670	535	572	626	649	617	660	683	680	718	699	729	713	692	634	600	596	580	677	696	722	732	722	732	689	691	691	683	660	695	680	682	738	724	704	651	678	625	639	688	660	603	698	677	675	707	728	715	716	718	745	745	745	717	680	695	735	693	744	725	727	723	716	688	666	665	669	691	728	704	684	685	693	717
molecules.ENST00000242719	0.0	0.0	0.0	0.0	0.0	0.0	0.0	0.0	0.0	0.0	0.0	0.0	0.0	0.0	0.0	0.0	0.0	3	11	13	12	9	13	13	13	5	15	13	12	14	13	11	15	15	14	14	15	14	14	15	15	15	15	14	14	14	13	13	14	14	14	13	14	14	13	14	14	13	12	13	13	10	0	14	15	15	14	15	14	14	14	14	13	14	13	13	15	16	16	14	14	15	17	14	16	14	14	14	14	13	13	15	18	18	35	34	26	23	27	26
molecules.ENST00000225831	1	1	1	1	1	1	1	1	1	1	1	1	1	1	1	1	0	0	0	1	1	0	0	1	1	1	1	1	1	1	1	1	1	1	1	1	1	1	1	1	1	1	1	1	1	1	1	1	1	1	1	1	1	1	1	1	1	1	1	1	1	1	1	1	1	1	1	1	1	1	1	1	1	1	1	1	1	1	1	1	1	1	1	1	1	1	1	1	1	1	1	1	1	1	1	1	1	1	1	1
molecules.ENST00000226522	338	346	344	337	354	356	347	345	351	363	362	359	356	357	358	363	357	365	372	372	371	351	359	359	366	369	364	368	367	0	396	390	363	339	357	349	355	386	404	403	403	388	394	391	406	398	402	401	390	405	415	410	399	403	398	408	403	402	418	408	416	0	389	397	408	412	418	425	428	419	414	406	402	422	423	423	421	410	410	396	399	444	433	426	395	424	437	442	443	441	455	453	474	471	460	480	478	495	505	483
molecules.ENST00000225525	1	1	1	1	1	1	1	1	1	1	1	1	1	1	1	1	1	1	0	0	1	1	1	1	1	0	0	0	1	0	1	1	1	1	1	1	1	1	1	1	1	1	1	1	1	1	1	1	1	1	1	1	1	1	1	1	1	1	1	1	1	0	1	1	1	1	1	1	1	1	1	1	1	1	0	0	1	1	1	1	1	1	1	1	1	1	1	1	1	1	1	1	1	1	1	1	1	0	0	1
molecules.ENST00000229379	100	99	99	97	99	98	100	101	97	97	97	80	86	91	89	107	105	96	99	97	100	102	96	104	107	109	109	108	107	108	104	98	109	113	117	118	102	123	123	121	128	130	130	171	183	195	199	205	207	207	221	223	203	226	227	234	238	278	277	283	298	321	322	347	384	399	407	475	477	472	480	484	480	486	485	495	476	477	465	454	457	430	416	404	442	489	497	494	497	489	494	498	490	485	490	480	482	476	462	467
molecules.ENST00000230050	7746	7706	7872	7892	7919	7884	7831	7766	7723	7516	7647	7767	7824	7632	7703	6640	6370	7392	7005	7278	7684	7849	7805	7799	7601	7248	6774	7135	7278	7849	7309	6818	7347	7481	7838	8000	7875	7911	7918	7861	7926	7954	7927	7914	7889	7937	7803	7840	7919	7945	7782	7082	7732	7817	7804	7930	7967	8024	8028	8016	7860	7780	7783	7611	7921	7980	8023	7881	7914	7846	7875	6985	7976	8038	7722	7796	8020	8009	7983	7959	7972	7780	7738	7927	7867	8065	7868	7568	7517	7464	7994	8030	7851	7768	7975	7922	7924	7855	7932	7276
molecules.ENST00000230085	3	3	3	3	3	3	3	3	2	3	3	3	3	3	3	3	3	3	3	3	3	3	4	4	9	8	12	15	17	17	18	18	18	0	20	19	22	21	18	19	19	19	19	20	21	21	22	22	22	21	19	19	22	31	34	42	46	44	45	47	44	46	46	46	49	51	57	68	67	67	73	70	66	68	76	72	74	72	79	76	77	76	79	85	70	96	99	97	99	98	109	110	111	112	110	110	108	110	106	109
molecules.ENST00000230568	664	650	747	767	930	892	990	1015	1070	1095	1117	1103	1080	997	1111	1120	1116	1133	1141	1141	1125	1164	1117	1140	1077	1109	1119	1153	1203	1260	1291	1309	1259	1225	1304	1198	1313	1330	1311	1360	1354	1366	1331	1321	1208	1338	1456	1451	1487	1419	1358	1477	1449	1491	1492	1545	1570	1572	1575	1528	1596	1547	1439	1560	1544	1581	1594	1509	1560	1609	1577	0	1553	1556	1705	1727	1682	1668	1666	1623	1741	1779	1761	1816	1855	1994	1940	1960	1965	1990	1995	1990	2056	2080	2028	2027	1961	2149	2166	2183
molecules.ENST00000233143	5551	5578	5581	5607	5659	5681	5727	5658	5637	5664	5725	5748	5779	5762	5468	5607	5617	5624	5620	5346	5252	5214	5016	5046	5267	5362	5339	5391	5494	5700	5871	5892	5889	5859	5790	5783	5721	5721	5632	5701	5758	5762	5851	5827	5866	5860	5863	5859	5830	5824	5799	5796	5729	5677	5560	5773	5783	5767	5835	5823	5748	5725	5753	5764	5726	5718	5551	5511	5477	5733	5720	5778	5745	0	5760	5795	5803	5771	5811	5803	5915	5889	5890	5748	5871	5902	5822	5863	5709	5709	5665	5731	5853	5889	5886	5405	5067	4683	5294	5555
molecules.ENST00000243040	922	914	915	905	889	901	894	930	944	932	904	919	923	912	901	907	921	908	904	897	902	873	857	882	894	876	842	874	904	897	929	928	910	913	942	921	939	901	841	765	742	761	836	845	885	932	943	943	945	933	909	918	934	925	937	944	926	911	904	899	894	912	902	919	901	947	951	935	935	921	914	909	882	877	873	895	921	904	880	917	921	896	904	899	903	905	893	1553	1623	1725	1729	1725	1491	1763	1795	1809	1791	1779	1781	1835
molecules.ENST00000243440	0.0	0.0	0.0	0.0	0.0	0.0	0.0	0.0	0.0	0.0	0.0	0.0	0.0	0.0	1	1	1	1	1	1	1	1	1	1	1	1	1	1	1	1	1	1	1	1	1	1	1	1	1	1	1	1	1	1	1	1	1	1	1	1	1	1	1	1	1	1	1	1	1	1	1	1	1	1	1	1	1	1	1	1	1	0	1	1	1	1	1	1	1	2	2	2	2	2	2	1	2	2	2	2	2	2	2	2	2	2	2	2	2	2
molecules.ENST00000243918	8	8	7	6	8	7	7	7	8	8	8	8	7	8	8	8	8	8	8	7	8	8	8	8	8	8	7	7	7	8	8	7	7	6	6	6	4	6	5	6	7	8	8	7	8	8	8	8	8	7	8	8	8	8	8	8	8	8	8	7	7	8	8	8	7	8	8	8	8	8	8	8	8	8	8	9	8	9	9	9	10	10	19	18	23	25	23	20	18	21	19	20	24	24	26	27	24	26	26	26
molecules.ENST00000243045	7	7	7	9	7	5	5	5	6	7	7	6	8	7	7	9	8	4	5	10	6	8	4	4	7	8	9	8	9	7	6	5	7	6	5	9	6	5	5	3	8	8	6	9	8	5	4	4	8	11	7	6	4	7	8	6	8	8	7	6	7	7	7	6	5	6	10	7	10	7	7	6	7	7	5	6	7	7	6	9	7	6	9	7	8	9	7	6	4	6	7	7	9	6	8	7	8	6	4	9
molecules.ENST00000243997	218	218	218	221	214	210	212	208	202	207	205	219	223	217	219	206	191	184	176	182	183	190	209	209	192	193	190	209	214	218	210	198	207	206	212	215	213	212	222	225	221	237	239	222	221	217	215	216	215	215	204	199	210	200	207	205	200	213	221	228	242	239	245	241	240	236	232	222	207	197	217	219	219	212	201	201	224	230	233	228	224	231	235	238	243	249	243	244	244	250	230	222	238	230	232	242	228	216	210	206
molecules.ENST00000243639	2	1	1	1	2	2	1	2	2	2	2	2	2	2	2	2	2	2	2	1	1	2	1	1	1	1	1	1	1	0	1	0	0	0	1	1	2	0	2	1	1	1	2	2	2	2	1	1	2	2	2	2	2	1	2	2	2	2	2	2	2	2	2	2	1	1	2	2	2	2	2	2	2	2	2	2	2	2	2	2	2	2	2	2	2	2	1	2	2	1	2	2	2	2	2	2	2	2	2	2
molecules.ENST00000244227	3	3	3	3	3	3	3	3	4	3	3	4	3	4	4	4	4	3	49	54	59	54	66	57	68	89	86	97	94	91	93	94	0	104	105	104	106	107	111	101	106	83	98	99	105	109	113	113	109	106	116	112	116	114	108	112	23	118	118	111	113	116	121	128	127	126	127	127	124	123	124	123	123	126	122	128	125	124	133	134	133	134	135	125	132	139	135	36	139	147	147	169	171	167	170	172	177	178	174	171
molecules.ENST00000244520	2	3	3	3	3	3	3	3	3	3	3	3	3	3	3	3	3	3	3	3	3	2	3	2	2	2	3	3	3	3	3	3	3	3	3	3	3	3	3	3	3	2	3	3	2	2	2	2	2	2	2	0	3	2	1	1	2	3	3	3	2	2	2	4	3	3	3	3	4	4	3	4	3	0	4	4	5	5	5	15	17	20	17	17	18	14	13	15	19	20	19	26	23	25	23	24	23	23	25	30
molecules.ENST00000244221	24	24	24	22	24	22	23	24	23	22	22	22	22	22	21	22	24	24	24	24	22	24	24	24	24	22	22	24	24	24	24	24	23	24	23	23	23	0	23	23	21	23	21	20	23	21	22	22	24	24	24	24	23	21	24	24	21	23	23	22	23	22	22	23	22	22	22	22	22	22	23	23	23	23	23	23	24	23	23	22	22	22	22	21	21	18	22	20	20	21	21	23	21	23	23	21	22	22	23	23
molecules.ENST00000237889	7792	7830	7779	7866	7872	7910	7736	7788	7780	7841	7662	7686	7676	7814	7880	7818	7715	7784	7786	7705	7842	7636	7680	7341	7561	7671	7700	7565	7228	7570	7746	7549	7476	7646	7776	7845	7844	7801	7859	7846	7358	7580	7608	7395	7582	7554	0	7475	7589	7660	7458	7454	7490	7503	7799	7832	7672	7278	7525	7914	7866	7845	7593	7504	7481	7846	7896	7820	7770	7979	7919	7748	7786	7754	7826	7821	7880	7881	7925	7880	7889	7835	7397	7620	7475	7679	7703	7630	7628	7758	7677	7316	7459	7717	7507	7460	7788	7903	7755	7694
molecules.ENST00000238609	23	21	20	22	21	22	23	23	22	23	21	22	21	21	23	20	23	22	21	23	23	23	23	23	22	22	20	22	23	24	24	24	26	26	23	24	27	27	28	27	28	28	31	31	31	34	27	28	27	32	34	31	29	28	34	30	32	30	30	33	33	34	33	29	29	31	35	33	32	25	33	34	32	26	29	31	32	35	34	34	31	35	34	35	32	29	30	32	34	35	35	30	35	35	33	32	34	36	30	30
molecules.ENST00000238618	808	808	780	827	843	850	834	854	859	862	859	849	833	844	857	827	856	840	780	791	756	799	736	689	772	810	807	827	0	853	864	865	855	874	840	845	845	850	839	818	815	838	856	844	861	900	918	916	887	953	971	975	950	935	967	960	976	925	980	941	958	990	995	1004	1019	979	950	981	991	993	984	968	919	960	1005	998	955	951	968	1035	1033	1010	1020	1025	1027	1026	1000	995	1009	1029	1014	997	920	900	991	975	1052	1058	1051	1057
molecules.ENST00000238044	1	1	1	1	1	1	0	1	1	1	1	1	1	1	1	1	1	1	1	1	1	1	1	1	1	1	1	1	1	1	1	1	1	1	0	0	0	0	1	1	1	1	1	1	1	1	0	0	0	0	1	1	1	1	1	1	1	1	1	1	1	1	1	6	5	6	6	6	6	6	6	6	6	6	6	6	6	6	6	6	6	6	6	6	5	5	5	5	5	5	6	5	6	5	5	5	5	8	8	6
molecules.ENST00000239666	977	1048	1026	1026	997	989	1037	992	1026	1026	991	1030	1018	975	1004	1021	1037	1028	1043	1000	935	1010	1026	1037	998	1030	1012	1021	1020	1026	1020	1010	881	1023	1066	1021	1042	1055	1051	1041	1010	1008	1018	1012	998	1000	1020	1021	1026	1006	1005	1030	1043	1053	0	1072	1035	1041	1076	1072	1028	1071	1063	1059	1057	1039	998	1007	1079	1083	1084	1069	1082	1008	1030	1054	1094	1087	1084	1006	983	990	1065	995	1061	1065	1088	1068	993	1025	975	949	1018	1049	1015	1011	1085	1133	1124	1095
molecules.ENST00000239878	1343	1310	1386	1393	1380	1299	1304	1360	1341	1307	1246	1241	1220	1242	1260	1287	1329	1348	1308	1271	1334	1328	1263	1218	1331	1372	1350	1352	1353	1355	1404	1408	1389	1379	1339	1298	1313	1328	1380	1380	1378	1352	1357	1361	1364	1288	1265	1238	1288	1315	1327	1383	1386	1384	1381	1377	1382	1360	1366	1312	0	1221	1200	1301	1268	1301	1309	1308	1289	1286	1281	1310	1314	1298	1399	1412	1337	1293	1311	1396	1390	1201	1208	1270	1323	1332	1286	1304	1314	1287	1287	1312	1362	1337	1339	1339	1397	1387	1370	1346
molecules.ENST00000238892	79	80	75	79	0	85	89	88	88	84	86	89	91	89	87	92	92	89	91	89	87	87	84	88	89	87	92	91	89	82	81	87	85	86	87	88	88	87	87	88	79	92	86	91	92	92	91	91	85	82	83	84	86	86	89	87	87	88	88	85	90	85	89	90	91	89	89	85	86	88	89	91	91	91	93	91	92	93	0	93	91	91	93	92	81	90	89	46	48	44	44	48	12	10	10	11	10	9	10	10
molecules.ENST00000242465	7653	7647	7418	7774	7676	7625	7660	7523	7586	7749	7728	7768	7516	7643	7627	7786	7877	7527	7489	7743	7515	7461	7654	7529	7634	7590	7561	7629	7594	7847	7825	7855	7821	7657	7677	6695	7774	7735	7654	7115	7404	7280	7459	7613	7543	7893	7722	7785	7255	7604	7654	7264	7100	7240	7766	7828	7733	7561	7511	7578	7060	6934	7227	7342	7749	7846	7749	7440	7417	7413	7335	7812	7706	7969	7726	7493	7481	7435	7770	7953	7946	7990	8057	7648	7737	7571	7544	7660	7679	7967	7973	7790	7733	7799	7821	7537	8001	7647	7711	7823
molecules.ENST00000242577	503	504	518	558	566	582	583	565	603	624	631	629	645	649	643	655	674	686	681	694	684	667	682	707	677	701	691	656	668	788	800	792	802	817	843	854	922	923	950	966	967	966	958	932	960	969	923	916	0	1043	1073	1018	951	1056	1007	1090	1099	1168	1203	1249	1285	1274	1264	1211	1231	1271	1251	1208	1029	1091	1251	1315	1322	1362	1396	1385	1378	1447	1477	1475	1436	1422	1437	1426	1464	1472	1479	1476	1501	1525	1498	1485	1490	1491	1487	1508	1527	1526	1530	1577
