molecules.ENST00000005374.10	3	3	3	3	3	3	3	3	3	3	3	3	3	3	3	3	3	3	3	3	3	3	3	3	3	3	3	3	3	3	3	3	3	3	3	3	3	3	3	3	3	3	3	3	3	3	3	3	3	3	3	3	3	3	3	3	3	3	3	3	3	3	3	3	3	3	3	3	3	3	3	3	3	3	3	3	3	3	3	3	3	3	3	3	3	3	3	3	3	3	3	3	3	3	3	3	3	3	3	3
molecules.ENST00000010404.6	13	13	13	15	17	22	23	23	26	26	26	30	32	32	34	38	38	40	46	47	48	48	48	51	51	51	58	58	60	62	63	63	63	64	65	68	68	72	73	74	75	86	90	92	92	92	92	98	102	102	103	103	107	109	109	110	110	110	111	113	114	114	114	114	119	130	136	136	141	148	148	148	148	153	159	170	180	193	192	196	196	197	204	204	204	204	204	204	205	212	212	214	214	218	219	220	222	222	224	225
molecules.ENST00000009589.8	7413	7470	7473	7534	7540	7618	7602	7609	7621	7638	7640	7641	7649	7693	7700	7727	7733	7742	7747	7765	7770	7795	7798	7823	7825	7824	7822	7813	7813	7826	7832	7836	7839	7848	7917	7880	7557	7613	7586	7634	7644	7660	7671	7679	7704	7713	7710	7711	7711	7701	7766	7778	7789	7789	7831	7874	7804	7875	7877	7884	7899	7905	7918	7923	7945	7949	7951	7950	7966	7984	7982	7993	7998	8000	8004	8010	8010	8022	8016	8022	8023	8022	8022	8024	8024	8027	8027	8026	8025	8024	8024	8021	8023	8021	8022	8022	8020	8020	8017	8017
molecules.ENST00000028008.9	0.0	0.0	0.0	0.0	0.0	0.0	0.0	0.0	0.0	0.0	0.0	0.0	0.0	0.0	0.0	0.0	0.0	0.0	0.0	0.0	0.0	0.0	0.0	0.0	0.0	0.0	0.0	0.0	0.0	0.0	0.0	0.0	0.0	0.0	0.0	0.0	0.0	0.0	0.0	0.0	0.0	0.0	0.0	0.0	0.0	0.0	0.0	0.0	0.0	0.0	0.0	0.0	0.0	0.0	0.0	0.0	0.0	0.0	0.0	0.0	0.0	0.0	0.0	0.0	0.0	0.0	0.0	0.0	0.0	0.0	0.0	0.0	0.0	0.0	0.0	0.0	0.0	0.0	0.0	0.0	0.0	0.0	0.0	0.0	0.0	0.0	0.0	0.0	0.0	0.0	0.0	0.0	0.0	0.0	0.0	0.0	0.0	0.0	0.0	0.0
molecules.ENST00000037243.7	2051	2050	2053	2053	2056	2056	2056	2056	2056	2057	2061	2061	2061	2062	2064	2066	2067	2067	2067	2067	2069	2069	2069	2069	2069	2069	2069	2069	2069	2071	2072	2072	2072	2073	2073	2074	2092	2094	2106	2111	2114	2114	2114	2116	2117	2117	2118	2118	2118	2119	2128	2127	2129	2134	2141	2142	2143	2143	2141	2143	2143	2143	2145	2145	2145	2145	2146	2148	2159	2159	2144	2159	2159	2159	2166	2166	2161	2171	2172	2172	2190	2193	2194	2194	2196	2198	2199	2199	2207	2229	2230	2235	2238	2238	2237	2241	2241	2241	2242	2246
molecules.ENST00000011691.6	12	12	12	12	12	12	12	12	12	12	12	12	12	12	12	12	12	12	12	12	12	12	12	12	12	12	12	12	12	12	12	12	12	12	12	12	12	12	12	12	12	12	12	12	12	12	12	12	12	12	12	12	12	12	12	12	12	12	12	12	12	12	12	12	12	12	12	12	12	12	12	12	12	12	12	12	13	13	13	13	13	13	13	13	13	13	13	13	13	13	13	13	13	13	13	13	13	13	13	13
molecules.ENST00000037869.7	195	195	195	196	197	197	197	197	197	197	197	197	197	197	197	197	197	197	197	197	197	197	197	197	197	197	197	197	197	197	198	198	199	199	199	199	199	199	199	199	199	199	199	199	199	200	200	200	200	200	200	200	200	200	199	192	192	192	192	192	192	193	193	193	192	190	190	189	189	189	189	189	189	189	189	189	190	190	190	190	190	190	190	190	190	190	190	190	190	190	190	189	188	188	189	189	189	188	183	175
molecules.ENST00000054666.11	261	261	261	261	261	261	261	261	261	261	261	261	261	261	261	261	261	261	261	261	261	261	261	262	262	262	262	265	265	265	265	265	265	265	265	265	265	265	265	267	267	267	267	267	267	268	268	268	268	268	268	268	267	268	269	269	269	269	269	269	269	269	269	269	269	269	269	270	270	270	270	270	270	270	270	270	272	272	273	273	273	273	274	274	274	274	276	272	276	276	276	276	276	276	276	276	276	276	280	280
molecules.ENST00000184266.3	3562	3548	3568	3580	3594	3596	3598	3598	3601	3605	3607	3607	3607	3607	3608	3614	3619	3624	3639	3639	3632	3642	3641	3641	3646	3649	3650	3651	3652	3668	3659	3671	3671	3673	3679	3680	3683	3684	3691	3707	3699	3707	3707	3698	3707	3707	3712	3713	3713	3714	3715	3710	3715	3717	3730	3736	3749	3749	3749	3751	3752	3753	3753	3749	3755	3753	3759	3765	3771	3774	3775	3776	3776	3738	3775	3776	3775	3776	3776	3776	3770	3776	3776	0	3766	3776	3780	3780	3779	3771	3773	3772	3771	3773	3773	3773	3770	3773	3773	3773
molecules.ENST00000176195.4	1	1	1	1	1	1	1	1	1	1	1	1	1	1	1	1	1	1	1	1	1	1	1	1	1	1	1	1	1	1	1	1	1	1	1	1	1	1	1	1	1	1	1	1	1	1	1	1	1	1	1	1	1	1	1	1	1	1	1	1	1	1	1	1	1	1	1	1	1	1	1	1	1	1	1	1	1	1	1	1	1	1	1	1	1	1	1	1	1	1	1	1	1	1	1	1	1	1	1	1
molecules.ENST00000194672.11	0.0	0.0	0.0	0.0	0.0	0.0	0.0	0.0	0.0	0.0	0.0	0.0	0.0	0.0	0.0	0.0	0.0	0.0	0.0	0.0	0.0	0.0	0.0	0.0	0.0	0.0	0.0	0.0	0.0	0.0	0.0	0.0	0.0	0.0	0.0	0.0	0.0	0.0	0.0	0.0	0.0	0.0	0.0	0.0	0.0	0.0	0.0	0.0	0.0	0.0	0.0	0.0	0.0	0.0	0.0	0.0	0.0	0.0	0.0	0.0	0.0	0.0	0.0	0.0	0.0	0.0	0.0	0.0	0.0	0.0	0.0	0.0	0.0	0.0	0.0	0.0	0.0	0.0	0.0	0.0	0.0	0.0	0.0	0.0	0.0	0.0	0.0	0.0	0.0	0.0	0.0	0.0	0.0	0.0	0.0	0.0	0.0	0.0	0.0	0.0
molecules.ENST00000194214.10	739	742	738	744	745	745	745	745	746	747	747	748	748	748	748	749	751	752	752	752	752	752	752	740	740	740	742	742	745	748	748	748	749	752	752	753	754	754	754	757	758	759	757	759	760	760	760	760	720	764	764	764	765	765	766	765	766	767	767	767	769	769	769	0	769	769	771	771	770	769	765	769	768	769	726	727	732	732	733	734	737	737	737	737	736	738	738	738	738	738	738	738	738	739	740	740	740	740	740	740
molecules.ENST00000199708.3	10	10	10	10	10	10	10	10	10	9	10	10	10	10	10	10	10	10	10	10	10	0	10	10	10	10	10	10	10	10	10	10	10	10	10	10	10	10	10	10	10	10	10	10	10	10	10	10	10	10	10	10	10	10	10	10	10	10	10	10	10	10	10	10	10	10	10	10	10	0	10	10	10	10	10	10	10	10	10	10	10	10	10	10	10	10	10	10	10	10	10	10	10	10	10	10	10	10	10	10
molecules.ENST00000200691.5	32	32	32	32	32	32	32	32	32	32	32	32	32	32	0	32	32	32	32	32	32	32	32	32	32	32	32	32	32	32	32	32	31	32	32	32	32	32	32	32	32	32	32	32	32	32	0	32	32	32	32	32	32	32	32	32	32	32	32	32	32	32	33	33	33	33	33	33	33	33	33	33	33	33	33	33	33	33	33	33	33	33	33	33	33	33	33	33	33	33	33	33	33	33	33	33	33	33	33	33
molecules.ENST00000202834.11	941	942	942	943	943	945	945	945	945	946	946	946	946	947	947	947	952	952	954	954	954	955	956	957	957	957	957	957	963	974	975	969	975	981	981	986	988	988	989	989	989	989	987	989	989	991	991	990	991	991	995	1003	1003	993	1003	1003	1006	1006	1006	1006	1006	1006	1009	1015	1016	1019	1021	1022	1022	1022	1030	1031	1031	1030	1032	1033	1029	1033	1033	1035	1036	1036	1038	1038	1042	1042	1043	1041	1044	1046	1046	1046	1046	1050	1052	1057	1056	1056	1059	1059
molecules.ENST00000202017.6	166	166	166	166	166	168	168	170	170	170	170	170	170	170	170	170	171	171	171	171	171	171	172	172	172	172	172	171	172	173	173	173	174	174	174	174	174	174	174	173	174	170	174	174	174	174	174	174	174	174	174	174	174	174	174	175	175	175	175	175	175	175	175	175	174	175	176	176	176	176	176	176	176	176	176	176	176	176	176	175	178	178	178	178	178	177	178	178	178	179	179	179	179	179	180	180	180	180	181	181
molecules.ENST00000204637.6	12	13	15	15	15	16	17	17	17	17	17	17	18	19	21	21	22	22	22	22	22	22	22	22	22	22	22	23	23	23	23	23	23	23	23	23	23	23	23	23	23	23	23	23	23	23	23	23	23	23	23	23	23	23	23	23	23	23	23	23	23	23	23	23	23	23	23	23	23	23	23	23	23	23	23	23	23	23	23	23	23	23	23	23	23	23	23	23	23	23	23	23	23	23	23	23	23	23	23	23
molecules.ENST00000211314.5	117	117	117	115	117	117	117	117	117	117	117	117	117	117	117	117	117	117	117	117	117	117	117	117	117	117	117	117	117	117	116	117	117	117	117	117	117	117	117	117	117	117	117	118	118	118	118	118	118	118	120	120	120	120	120	120	120	120	120	120	120	120	120	120	120	120	119	120	122	123	123	123	123	123	124	124	124	124	124	124	124	124	124	124	124	124	124	124	124	124	124	124	124	124	124	124	124	124	124	124
molecules.ENST00000215565.3	3698	3699	3705	3705	3706	3706	3707	3707	3707	3708	3709	3709	3705	3711	3710	3718	3718	3722	3722	3723	3730	3744	3741	3698	3744	3741	3745	0	3750	3748	3749	3774	3779	3782	3787	3789	3793	3795	3798	3801	3801	3802	3809	3810	3813	3814	3819	3817	3820	3827	3834	3835	3837	3840	3840	3847	3845	3849	3855	3857	3856	3858	3863	3864	3864	3865	3864	3865	0	3877	3877	3877	3881	3882	3882	3882	3882	3882	3883	3883	3884	3877	3878	3878	3879	3880	3879	3881	3881	3880	3881	3882	3884	3884	3884	3884	3884	3883	3879	3883
molecules.ENST00000215570.8	1327	1325	1329	1329	1329	1329	1329	1329	1329	1329	1330	1330	1330	1330	1331	1332	1332	1333	1333	1331	1333	1333	1335	1345	1346	1349	1351	1352	1352	1354	1355	1357	1357	1357	1357	1357	1356	1358	1358	1358	1358	1358	1360	1360	1360	1364	1372	1373	1373	1372	1374	1374	1373	1389	1391	1389	1394	1396	1377	1407	1407	1407	1407	1407	1407	1407	1408	1408	1408	1408	1411	1411	1411	1409	1412	1413	1413	1418	1421	1421	1421	1419	1421	1422	1422	1422	1422	1423	1423	1423	1423	1423	1424	1424	1423	1425	1426	1427	1427	1438
molecules.ENST00000215754.8	8033	8043	8045	8048	8040	8054	8044	8058	8058	8059	8061	8060	8059	8065	8068	8065	8072	8074	8076	8075	8079	8079	8078	8084	8087	8089	8092	8092	8092	8092	0	8098	8099	8100	8104	8104	8097	8111	8112	8113	8115	8118	8117	8118	8119	8120	8121	8122	8124	8124	8127	8128	8129	8129	8134	8136	8136	8138	8138	8139	8140	8142	8143	8144	8146	8148	8150	8150	8152	8147	8153	8153	8152	8157	8154	8158	8155	8157	8158	8157	8168	8170	8173	8174	8176	8178	8181	8184	8186	8187	8189	8190	8190	8191	8193	8195	8193	8197	8197	8199
molecules.ENST00000215631.9	1266	1266	1266	1266	1266	1267	1267	1267	0	1267	1269	1272	1273	1272	1273	1273	1273	1273	1274	1274	1275	1275	1285	1285	1286	1287	1287	1287	1287	1286	1287	1291	1308	1308	1309	1310	1310	1316	1303	1319	1319	1320	1323	1322	1326	1327	1330	1333	1333	1333	1333	1333	1351	1352	1356	1356	1356	1356	1357	1363	1363	1363	1363	1365	1365	1366	1366	1369	1371	1371	1373	1373	1381	1381	1381	1381	1379	1382	1391	1392	1392	1392	1393	1393	1393	1392	1393	1395	1394	1395	1396	1396	1399	1400	1400	1400	1402	1406	1411	1412
molecules.ENST00000215886.6	1161	1161	1163	1163	1163	1163	1163	1165	1165	1167	1167	1159	1169	1169	1169	1175	1177	1180	1182	1183	1183	1183	1180	1182	1184	1186	1188	1188	1191	1191	1193	1199	1201	1201	1203	1202	1204	1204	1204	1205	1206	1208	1208	1208	1207	1213	1215	1215	1215	1215	1215	1215	1217	1217	1217	1217	1217	1217	1217	1218	1218	1217	1217	1218	1221	1221	1221	1222	1222	1221	1229	1229	1230	1230	1230	1230	1231	1232	1232	1229	1232	1232	1232	1232	1233	1233	1233	1232	1233	1233	1233	1233	1233	1232	1233	1233	1231	1222	1187	1186
molecules.ENST00000215829.8	1956	1958	1957	1958	1958	1963	1967	1967	1971	1971	1972	1973	1973	1976	1985	1986	1999	2000	1999	2003	2007	2021	2022	2024	2025	2029	2030	2033	2032	2033	2033	2032	0	2048	2051	2053	2065	2068	2088	2121	2122	2123	2124	2126	2134	2135	2142	2150	2166	2166	2167	2158	2171	2171	2172	2175	2175	2175	2177	2184	2198	2210	2210	2214	2214	2219	2230	2222	2232	2237	2239	2246	2248	2250	2246	2250	2242	2254	2254	2254	2254	2254	2254	2254	2255	2256	2260	2261	2262	2257	2263	2262	2262	2261	2262	2262	2263	2265	2264	2264
molecules.ENST00000215770.6	6	6	6	6	6	6	6	6	6	6	6	6	6	6	6	6	6	6	6	6	6	6	6	6	6	6	6	6	6	6	6	6	6	6	6	6	6	6	6	6	6	6	6	6	6	6	6	6	6	6	6	6	6	6	6	6	6	6	6	6	6	6	6	6	6	6	6	6	6	6	6	6	6	6	6	6	6	6	6	6	6	6	6	6	6	6	6	6	6	6	6	6	6	6	6	6	6	6	6	6
molecules.ENST00000215909.10	8049	0	8052	8055	8058	8054	8063	8065	8067	8069	8070	8071	8072	8076	8077	8082	8085	8086	8086	8084	8086	8085	8089	8092	8094	8096	8100	8104	8107	8106	8113	8117	8121	8115	8127	8127	8134	8136	8136	8141	8144	8146	8150	8152	8152	8157	8153	8154	8165	8168	8171	8173	8174	8153	8173	8182	8183	8184	8185	8187	8187	8186	8187	0	8190	8193	8193	8198	8195	8195	8205	8204	8205	8211	8211	8214	8219	8219	8223	8198	8220	8228	8229	8231	8232	8234	8226	8236	8229	8243	8244	8245	8247	8247	8240	8245	8241	8237	8246	8235
molecules.ENST00000216029.8	24	24	24	24	24	24	24	24	24	24	24	24	24	24	24	24	24	24	24	24	24	24	24	24	24	24	24	24	24	24	24	24	24	24	24	24	24	23	24	24	24	24	24	24	24	24	24	24	24	24	24	24	24	24	24	24	24	24	24	24	24	24	24	24	24	24	24	24	24	24	23	24	24	24	24	24	24	24	24	24	24	24	24	24	24	24	24	24	24	24	24	24	24	24	24	24	22	22	22	22
molecules.ENST00000216034.6	1039	1039	1039	1039	1039	1038	1031	1038	1039	1024	1035	1041	1041	1041	1041	1041	1041	1041	1038	1041	1041	1041	1041	1041	1041	1041	1041	1040	1041	1041	1041	1041	1041	1042	1042	1042	1042	1043	1043	1043	1043	1043	1043	1043	1043	1040	1043	1041	1043	1043	1042	1043	1043	1043	0	1043	1041	1043	1043	1043	1040	1042	1043	1043	1044	1044	1044	1042	1043	1042	1044	1044	1044	1044	1044	1044	1044	1044	1044	1044	1044	1044	1044	1044	1045	1045	1045	1044	1044	1044	1044	1044	1043	1043	1043	1042	1042	1038	1038	1038
molecules.ENST00000216068.9	70	70	70	70	70	70	70	70	70	70	70	70	70	71	71	71	71	71	71	71	71	71	71	71	71	71	71	71	71	71	71	71	71	71	71	71	71	71	71	71	71	71	71	70	71	69	69	69	0	68	68	68	68	68	67	67	67	66	66	66	66	66	66	66	66	66	66	66	66	66	66	66	66	66	66	66	66	66	66	66	66	66	66	66	66	66	66	66	66	66	67	66	67	67	67	67	67	67	67	67
molecules.ENST00000216155.11	1	1	1	1	1	1	1	1	1	1	1	1	1	1	1	1	1	1	1	1	1	1	1	1	1	1	1	1	1	1	1	1	1	1	1	1	1	1	1	1	1	1	1	1	1	1	1	1	1	1	1	1	1	1	1	1	1	1	1	1	1	1	1	1	1	1	1	1	1	1	1	1	1	1	1	1	1	1	1	1	1	1	1	1	0.0	0.0	0.0	0.0	0.0	0.0	0.0	0.0	0.0	0.0	0.0	0.0	0.0	0.0	0.0	0.0
molecules.ENST00000216115.3	19	19	19	19	19	19	19	19	19	19	19	19	19	19	19	19	19	19	19	19	19	19	19	19	19	19	19	19	19	19	19	19	19	20	20	20	20	20	20	20	20	20	20	20	20	20	20	20	20	20	20	20	20	20	20	20	20	21	21	21	21	21	21	21	21	21	21	21	21	21	21	21	21	21	21	22	22	22	22	22	22	22	22	23	23	23	22	23	23	23	23	23	23	23	24	24	24	24	24	24
molecules.ENST00000216416.9	419	419	420	425	427	428	428	428	430	430	430	434	436	436	435	437	437	437	437	438	443	443	444	452	455	456	458	465	465	468	471	471	471	471	471	473	478	479	480	480	490	491	491	491	491	491	491	491	491	491	491	492	492	493	494	494	494	494	495	495	495	495	498	498	499	499	499	499	498	498	499	498	500	501	504	504	506	506	507	509	511	511	511	511	511	511	511	516	517	519	519	519	519	519	521	521	525	522	525	525
molecules.ENST00000216200.9	3	5	5	6	8	9	9	9	9	12	12	12	12	12	12	12	12	12	12	12	12	12	12	12	12	12	12	12	12	12	12	12	12	12	12	12	12	12	12	12	12	12	12	12	12	12	12	12	12	12	12	12	12	12	12	12	12	12	12	12	12	12	12	12	12	12	12	12	12	12	12	12	12	13	13	13	13	13	13	13	13	13	13	13	13	13	13	13	13	13	13	13	13	13	13	13	13	13	13	13
molecules.ENST00000217075.7	0.0	0.0	0.0	0.0	0.0	0.0	0.0	0.0	0.0	1	1	1	1	1	1	1	1	1	1	1	2	2	2	2	2	2	2	2	2	2	2	2	2	2	2	2	2	2	2	2	2	2	2	2	2	2	2	2	2	2	2	2	2	2	2	2	2	4	4	4	4	4	4	4	4	4	4	4	4	4	4	4	4	4	4	4	4	4	4	4	4	4	4	4	4	4	4	4	4	4	4	4	4	4	4	4	4	4	4	4
molecules.ENST00000217398.3	1	1	1	1	1	1	1	1	1	1	1	1	1	1	1	1	1	1	1	1	1	1	1	1	1	1	0	1	1	1	1	1	1	1	1	1	1	1	1	1	1	1	1	1	1	1	1	1	1	1	1	1	1	1	1	1	1	1	1	1	1	1	1	1	1	1	1	1	1	1	1	1	1	1	1	1	1	1	1	1	1	1	1	1	1	1	1	1	1	1	1	0	1	1	1	1	1	1	1	1
molecules.ENST00000219169.9	736	738	738	738	735	739	742	742	742	742	743	744	745	747	747	747	748	749	750	750	751	751	751	750	751	757	757	757	758	758	759	759	760	762	764	764	766	767	767	767	767	767	767	767	769	769	769	772	775	775	777	782	782	783	783	784	785	782	785	785	791	791	794	797	797	796	796	796	797	797	800	800	800	800	800	812	813	813	820	820	820	827	828	829	829	831	832	832	834	842	843	852	855	858	859	859	863	862	863	864
molecules.ENST00000219168.8	12	12	12	12	12	12	12	12	12	12	12	12	12	12	12	12	12	12	12	12	12	11	12	12	12	12	12	12	12	12	12	12	12	12	12	12	12	12	12	12	12	12	0	12	12	12	12	12	12	12	12	12	12	12	12	12	12	12	12	12	12	12	12	12	12	12	12	11	12	12	12	12	12	12	12	12	12	12	12	12	12	12	12	12	12	12	12	12	12	12	12	12	12	12	12	12	12	12	12	12
molecules.ENST00000219204.8	245	245	245	245	245	245	245	245	245	245	245	246	246	246	246	246	246	246	246	245	247	247	247	247	248	248	249	250	250	250	251	251	251	251	251	251	251	251	251	251	251	0	252	252	252	252	254	255	255	255	255	254	256	256	256	256	256	256	256	257	258	258	258	258	259	260	260	263	265	265	268	268	268	270	270	270	270	270	270	274	275	277	277	277	277	278	278	279	279	280	281	281	281	281	281	281	283	284	284	284
molecules.ENST00000219400.8	361	361	361	361	361	361	361	361	361	359	361	361	361	361	361	361	361	361	360	361	361	361	361	361	361	361	361	361	361	361	361	361	361	357	361	361	361	361	361	361	361	360	360	361	361	361	361	361	361	361	361	361	361	361	361	361	361	361	361	361	361	361	361	361	0	361	361	361	358	361	359	361	360	360	360	360	360	360	360	360	360	360	360	360	357	357	357	357	357	357	357	356	357	356	355	355	355	325	325	325
molecules.ENST00000220913.10	267	267	267	268	268	268	268	268	268	268	268	268	268	268	268	268	268	268	268	269	269	269	264	269	269	269	269	268	270	270	270	270	270	271	271	269	0	272	272	272	272	272	272	272	270	272	273	274	274	274	275	275	275	275	275	276	276	276	276	276	276	278	278	278	278	279	279	279	279	281	282	284	286	286	287	287	287	288	261	261	238	232	218	220	219	220	220	220	220	221	221	220	220	220	221	221	221	221	221	221
molecules.ENST00000221515.6	545	545	545	545	540	545	545	543	546	546	548	548	546	548	548	548	557	557	557	557	557	558	560	560	562	563	563	561	565	565	565	565	565	565	565	0	572	577	577	577	578	581	583	583	585	585	585	587	589	589	589	589	589	589	589	589	589	589	589	0	589	588	589	590	590	590	593	592	593	592	593	593	593	588	593	593	593	593	594	595	596	596	597	597	597	597	597	598	598	598	598	598	598	598	598	598	598	599	599	599
molecules.ENST00000221576.4	43	43	44	44	45	45	45	45	45	45	45	45	45	45	45	45	45	45	45	45	45	45	45	45	45	45	45	45	45	45	45	45	45	45	45	45	45	45	45	45	45	45	45	45	45	45	45	45	45	45	45	45	45	45	45	45	45	45	45	45	44	45	45	45	45	45	45	45	45	45	45	45	45	45	45	45	45	45	45	45	45	45	45	45	45	45	45	45	45	45	45	45	45	45	45	45	45	45	45	45
molecules.ENST00000221859.9	1362	1362	1362	1363	1366	1376	1379	1378	1379	1381	1381	1385	1385	1385	1385	1385	1385	1388	1390	1390	1390	1393	1395	1402	1403	1406	1406	1406	1406	1406	0	1406	1407	1407	1407	1412	1414	1414	1413	1415	1415	1415	1415	1418	1419	1427	1427	1427	1427	1427	1428	1431	1432	1433	1435	1435	1435	1437	1431	1436	1437	1437	1437	1437	1437	1437	1436	1437	1437	1437	1437	1437	1437	1438	1436	1438	1438	1439	1440	1440	1441	1441	1436	1441	1441	1440	1443	1443	1444	1444	1444	1444	1444	1444	1444	1444	1444	1444	1443	1443
molecules.ENST00000221978.10	7303	7306	7309	7313	7316	7317	7322	7383	7383	7378	7391	7393	7394	7395	7402	7406	7407	7412	7428	7433	7443	7447	7451	7498	7517	7523	7529	7539	7549	7539	7567	7567	7585	7592	7598	7610	7629	7639	7674	7686	7688	7683	7706	7711	7721	7726	7732	7733	7742	7746	7749	7755	7756	7766	7772	7776	7783	7791	7794	7789	7794	0	7797	7797	7812	7818	7823	7836	7845	7856	7863	7931	7937	7946	7945	7950	7950	7953	7956	7960	7961	7964	7968	7970	7972	7977	7969	7977	7977	7993	7995	7999	8004	8010	8017	8023	8024	8024	8036	8036
molecules.ENST00000007516.8	2314	2326	2328	2340	2343	2346	2349	2351	2355	2355	2358	2360	2360	2360	2355	2360	2361	2361	2361	2358	2361	2365	2367	2368	2366	2369	2370	2372	2376	2376	2376	2377	2377	2377	2377	2376	2379	2381	2381	2385	2396	2397	2397	2413	2418	2423	2423	2423	2422	2426	2426	2447	2449	2450	2453	2461	2457	2477	2493	2493	2493	2492	2494	2496	2500	2501	2505	2509	2509	2509	2509	2511	2511	2520	2520	2520	2533	2533	2537	2537	2537	2537	2538	2539	2540	2552	2552	2549	2554	2556	2557	2563	2563	2566	2566	2566	2577	2576	2577	2577
molecules.ENST00000216225.9	3310	3312	3313	3313	3313	3314	3314	3316	3316	3317	3319	3346	3361	3362	3359	3362	3366	3367	3367	3367	3367	3350	3367	3366	3369	3368	3373	3370	3384	3386	3386	3387	3397	3399	3399	3401	3429	3429	3428	3467	3467	3469	3469	3469	3469	3469	3469	0	3469	3467	3469	3469	3469	3462	3467	3469	3469	3469	3468	3465	3469	3469	3469	3469	3469	3469	3469	3469	3469	3474	3474	3474	3474	3474	3474	3474	3473	3474	3474	3474	3455	3474	3474	3474	3474	3474	3474	3469	3474	3473	3474	3474	3474	3470	3458	3474	3473	3474	3474	3470
molecules.ENST00000216252.4	529	528	529	529	529	529	529	529	529	522	529	529	529	529	529	529	530	530	530	530	530	530	530	531	531	531	534	534	534	533	534	534	534	533	534	529	535	535	534	535	535	536	536	536	536	537	538	538	538	538	538	538	538	538	538	538	538	538	538	538	538	538	537	538	541	542	543	543	544	544	544	543	544	0	546	546	546	546	545	546	546	547	547	547	547	551	551	551	551	551	551	551	547	538	538	541	540	542	543	542
molecules.ENST00000216456.6	18	18	18	18	18	18	18	18	18	18	18	18	18	18	18	18	18	18	18	18	18	18	18	18	18	18	18	18	18	18	18	18	18	18	18	18	18	18	18	18	18	18	18	18	18	18	18	18	18	18	18	18	18	18	18	19	19	19	19	19	19	19	19	19	19	19	19	20	20	20	20	20	20	20	20	20	20	20	20	20	20	20	20	20	20	20	20	20	20	20	20	20	20	20	20	20	20	20	20	20
molecules.ENST00000221770.7	2	2	2	2	2	2	2	2	2	2	2	2	2	2	2	2	2	4	4	4	4	4	4	4	4	4	4	4	4	4	4	4	4	4	4	4	4	4	4	4	4	4	4	4	4	4	4	4	4	4	4	4	0	4	4	4	4	4	4	4	4	4	4	4	4	4	4	4	4	4	4	4	4	4	4	4	4	4	4	4	4	4	4	4	4	4	4	4	4	4	4	4	4	4	4	4	4	4	4	4
molecules.ENST00000222190.9	13	13	13	14	14	14	14	14	14	15	15	15	15	15	15	15	15	15	15	15	15	15	15	15	15	15	15	15	15	15	15	15	15	15	15	16	16	16	16	16	16	16	16	16	16	16	16	16	16	16	16	16	16	16	16	16	16	16	16	16	16	16	16	16	16	16	16	16	16	16	16	16	16	16	16	16	16	16	16	16	16	16	16	16	16	16	16	16	16	16	16	16	16	16	16	16	16	16	16	16
molecules.ENST00000222266.2	40	40	40	40	40	40	40	40	40	40	40	40	40	40	40	40	40	40	40	40	40	40	40	40	40	40	40	40	40	40	40	40	40	40	40	40	40	40	40	40	40	40	40	40	40	40	40	40	40	40	40	40	40	40	40	40	40	40	40	40	40	40	40	40	40	40	40	40	40	40	40	40	40	40	40	40	40	40	40	40	40	40	40	40	40	40	40	40	40	40	40	40	40	40	40	40	40	40	40	40
molecules.ENST00000222402.8	33	33	33	33	33	33	33	33	33	33	33	33	33	33	33	33	33	33	33	34	34	34	34	34	34	34	0	35	36	36	36	36	36	36	36	36	37	37	37	37	37	37	37	37	38	38	38	39	39	39	39	39	39	39	41	41	41	41	41	41	41	41	41	41	41	41	41	41	16	16	16	16	16	16	16	16	16	16	14	16	16	16	16	16	16	16	16	16	16	16	16	16	16	16	16	16	16	16	16	16
molecules.ENST00000222304.5	5	5	5	5	5	5	5	5	5	5	5	5	5	5	5	5	5	5	5	5	5	5	5	5	5	5	5	5	5	5	5	5	5	5	5	5	5	5	5	5	5	5	5	5	5	5	5	5	5	5	5	5	5	5	5	5	5	5	0	5	5	5	5	5	5	5	5	5	5	5	5	5	5	5	5	5	5	5	5	5	5	5	5	5	5	5	5	5	5	6	6	6	6	6	6	6	6	6	6	6
molecules.ENST00000222547.8	117	117	117	117	117	117	117	117	117	117	117	117	117	117	117	117	117	117	117	117	117	117	117	117	117	117	117	118	118	118	118	118	118	118	119	118	119	119	119	119	119	119	119	119	119	119	119	119	119	119	116	116	115	116	116	116	116	115	115	115	115	115	115	115	115	115	115	115	115	115	115	115	115	115	115	115	115	115	115	116	116	116	116	116	116	116	116	116	116	116	116	116	116	116	116	116	116	116	116	116
molecules.ENST00000222693.5	1	1	1	1	1	1	1	1	1	1	1	1	1	1	1	1	1	1	1	1	1	1	1	1	1	1	1	1	1	1	1	1	1	1	1	1	1	1	1	1	1	1	1	1	1	1	1	1	1	1	1	1	1	1	1	1	1	1	1	1	1	1	1	1	1	1	1	1	1	1	1	1	1	1	1	1	1	1	1	1	1	1	1	1	1	1	1	1	1	1	1	1	1	1	1	1	1	1	1	1
molecules.ENST00000222690.10	22	22	22	22	22	22	22	22	22	22	22	22	22	22	22	22	22	22	22	22	22	22	22	22	22	22	22	22	22	22	22	22	22	22	22	22	22	22	22	22	22	22	22	22	22	22	22	22	22	22	22	22	22	22	22	22	22	22	22	22	22	22	22	22	22	22	21	21	20	20	20	20	20	20	20	20	20	20	20	20	20	20	20	20	20	20	20	21	21	21	21	21	21	21	21	12	12	12	12	12
molecules.ENST00000222969.10	213	213	211	211	211	211	207	211	211	210	211	211	211	211	210	208	207	201	198	198	198	199	199	199	199	198	199	199	199	199	199	199	199	199	199	199	197	197	199	199	199	199	199	199	199	199	199	199	199	199	199	199	199	199	199	199	199	199	199	199	199	199	199	199	199	199	199	199	199	199	199	199	199	199	199	199	198	198	198	198	198	198	198	198	198	198	198	198	197	197	197	197	197	197	197	197	197	197	197	197
molecules.ENST00000223084.7	8	8	8	8	8	8	8	8	8	8	8	8	8	8	8	8	8	8	8	8	8	8	8	8	8	8	8	8	8	8	8	8	8	8	8	8	8	8	8	8	8	8	8	8	8	8	8	8	8	8	8	8	8	8	8	8	8	8	8	8	8	8	8	8	8	8	8	8	8	8	8	8	8	8	8	8	8	8	8	8	8	8	8	8	8	8	8	8	8	8	8	8	8	8	8	8	8	8	8	8
molecules.ENST00000223129.8	2	2	2	2	2	2	2	2	2	2	2	2	2	2	2	2	2	2	2	2	2	2	2	2	2	2	2	0	2	2	2	2	2	2	2	2	2	2	2	2	2	2	2	2	2	2	2	2	4	4	4	4	4	4	4	4	4	4	4	4	4	4	4	4	4	4	4	4	4	4	4	4	4	4	4	4	4	4	4	4	4	4	4	4	4	4	4	4	4	4	4	4	4	4	4	4	4	4	4	4
molecules.ENST00000223336.11	130	130	130	129	130	130	130	130	130	129	130	130	129	130	130	130	130	130	130	130	130	130	130	130	130	130	5	126	126	126	126	126	126	126	126	126	126	126	126	126	126	126	126	126	126	126	126	126	126	126	125	126	126	126	125	126	126	126	126	126	126	126	126	126	126	126	126	126	126	126	126	126	126	126	126	126	126	126	126	126	126	126	126	126	126	126	126	126	125	125	125	125	125	125	124	124	124	123	123	123
molecules.ENST00000223136.5	2627	2628	2629	2629	2631	2630	2631	2631	2631	2630	2615	2632	2624	2636	2636	2636	2632	2637	2635	2640	2638	2701	2701	2703	2704	2706	2705	2706	2706	2707	2707	2750	2756	2810	2812	2811	2813	2813	2813	2813	2813	2806	2813	2813	2813	2813	2813	2813	2813	2813	2813	2813	2813	2813	2813	2813	2813	2812	2813	2813	2813	2813	2813	2810	2813	2813	2813	2813	2813	2813	2813	2813	2813	2813	2813	2813	2812	2813	2813	2812	2813	2813	2812	2813	2813	2813	2813	2813	2809	2811	2798	2810	2810	2812	2812	2812	2812	2812	2810	2812
molecules.ENST00000223641.5	0	5256	5254	5257	5258	5258	5258	5258	5257	5258	5239	5258	5258	5258	5258	5258	5258	5258	5258	5258	5258	5258	5256	5239	5240	5258	5258	5258	5257	5257	5258	5258	5258	5256	5182	5229	5229	5229	5229	5229	5229	5228	5229	5229	5229	5229	5229	5229	5223	5229	5229	5229	5227	5228	5230	5230	5230	5230	5230	5230	5230	5230	5230	5230	5230	5230	5230	5230	5230	5229	5221	5229	5230	5230	5230	5231	5230	5230	5230	5230	5231	5231	5231	5231	5231	5231	5227	5231	5230	5231	5231	5231	5231	5230	5230	5230	5229	5227	5229	5228
molecules.ENST00000223864.7	394	395	395	396	396	396	398	398	398	398	398	396	398	398	398	399	399	399	399	399	399	400	400	402	402	402	402	399	402	402	402	402	402	402	402	401	401	401	402	402	402	393	402	402	404	404	404	404	405	406	406	385	406	406	406	407	407	407	408	409	409	411	412	414	415	415	412	416	417	417	417	417	417	417	418	420	420	422	422	422	423	423	424	425	425	428	429	429	429	428	426	426	426	426	427	429	430	430	430	428
molecules.ENST00000225831.4	1	1	1	1	1	1	1	1	1	1	1	2	2	2	2	2	2	2	2	2	2	2	2	2	2	2	2	3	3	3	3	3	3	3	3	3	3	3	3	3	3	3	3	3	3	3	3	3	3	3	3	3	3	3	3	3	3	3	3	3	3	3	3	3	3	3	3	3	3	3	3	3	3	3	3	3	3	3	3	4	4	4	4	4	4	4	3	4	4	4	4	4	4	4	4	4	4	4	4	4
molecules.ENST00000226524.4	14	14	14	14	14	15	15	15	15	15	15	15	15	15	15	15	15	15	15	15	15	15	15	15	15	15	15	15	15	15	15	15	15	15	15	15	15	15	15	15	15	15	15	15	15	15	15	15	15	15	15	15	15	15	15	16	16	16	16	16	16	16	16	16	16	16	16	16	16	16	16	0	16	16	16	16	16	16	16	16	16	16	16	16	16	16	16	16	15	15	15	15	14	15	15	15	15	15	15	15
molecules.ENST00000226730.5	0.0	0.0	0.0	0.0	0.0	0.0	1	2	2	2	2	3	4	4	5	6	6	6	7	7	7	7	7	7	7	7	7	7	7	7	7	7	7	7	7	7	7	7	7	7	7	7	7	7	7	7	7	7	7	7	7	7	7	7	7	7	7	7	7	7	7	7	7	7	7	7	7	7	7	7	7	7	7	7	7	7	0	7	7	7	7	7	7	7	7	7	7	7	7	7	7	7	7	7	7	7	7	7	7	7
molecules.ENST00000227135.7	28	28	28	28	28	28	28	28	30	30	30	30	30	31	31	31	31	31	31	31	31	31	32	32	32	32	32	32	32	32	32	32	32	32	32	32	32	32	32	32	32	33	33	33	33	34	34	34	34	34	34	34	34	34	34	34	36	36	36	36	36	36	36	36	37	37	37	37	37	37	37	37	38	37	38	38	38	38	38	38	38	38	38	38	38	37	37	36	29	29	29	29	29	25	25	25	25	25	25	25
molecules.ENST00000227618.9	501	501	501	501	501	500	501	501	501	502	502	502	502	502	502	507	508	508	508	508	510	510	511	511	511	512	514	515	517	517	517	517	517	517	518	518	520	522	524	524	526	529	529	529	529	529	531	531	531	531	534	548	549	551	551	553	554	554	552	556	556	557	562	562	564	564	566	567	567	572	575	578	578	580	588	590	591	591	598	599	599	599	599	602	602	602	602	0	602	605	608	610	614	615	619	621	621	622	623	623
molecules.ENST00000228140.6	456	456	456	456	456	0	456	456	453	457	457	457	459	459	459	459	1	460	460	460	460	462	462	463	463	464	462	463	464	464	465	465	465	465	447	447	448	448	448	448	448	448	448	448	448	448	448	446	448	450	449	450	450	450	450	450	450	450	450	450	450	450	450	449	450	450	450	450	449	450	450	450	449	450	450	450	450	450	450	450	450	450	450	450	450	450	450	450	450	450	450	450	448	450	450	450	450	450	450	438
molecules.ENST00000225969.9	645	645	645	645	644	645	645	645	645	646	647	647	647	647	647	647	647	648	648	650	650	653	653	653	653	653	652	653	653	653	653	653	654	656	656	656	655	653	655	658	658	658	662	662	663	667	669	670	671	671	672	672	672	672	669	670	671	672	672	672	675	675	675	676	676	678	678	687	693	693	707	707	707	707	707	707	712	713	714	715	715	716	717	718	718	718	719	719	719	722	724	724	725	725	725	725	730	731	731	732
molecules.ENST00000228811.8	0.0	0.0	0.0	0.0	0.0	0.0	0.0	0.0	0.0	0.0	0.0	0.0	0.0	0.0	0.0	0.0	1	1	1	1	1	1	1	1	1	1	1	1	1	1	1	1	1	1	1	1	1	1	1	1	1	1	1	1	1	1	1	1	1	1	1	1	1	1	1	1	1	1	1	1	1	1	1	1	1	1	1	1	1	1	1	1	1	1	1	1	1	1	1	1	1	1	2	2	2	2	2	2	2	2	2	2	2	2	2	2	2	2	2	2
molecules.ENST00000228438.3	2844	2848	2852	2855	2861	2862	2864	2869	2870	2870	2873	2880	2882	2882	2882	2880	2882	2890	2899	2902	2903	2911	2912	2924	2924	2938	2940	2939	2938	2912	2935	2943	2944	2942	2918	2919	2920	2921	2919	2920	2918	2917	2918	2918	2918	2919	2918	2918	2919	2918	2917	2911	2912	2764	2753	2766	2762	2766	2766	2766	2766	2766	2765	2766	2766	2766	2766	2767	2767	2766	2767	2769	2770	2770	2768	2770	2772	2771	2773	2773	2773	2771	2773	2773	2773	2773	2770	2771	2771	2771	2773	2771	2740	2581	2566	2573	2561	2494	2495	2495
molecules.ENST00000229238.5	1599	1602	1600	1602	1603	1609	1610	1610	1613	1614	1614	1611	1616	1616	1617	1618	1618	1623	1624	1624	1624	1625	1624	1627	1627	1627	1633	1637	1640	1644	1644	1644	1645	1645	1644	1647	1650	1651	1656	1657	1656	1662	1662	1662	1665	1668	1668	1668	1668	0	1665	1664	1671	1673	1674	1673	1676	1676	1678	1678	1692	1702	1702	1704	1703	1699	1702	1702	1702	1706	1709	1711	1702	1705	1708	1709	1708	1710	1711	1711	1711	1711	1712	1712	1712	1712	1719	1721	1722	1722	1723	1722	1722	1722	1720	1716	1717	1702	1737	1737
molecules.ENST00000228865.3	69	69	69	0	69	69	69	69	69	69	69	69	69	69	69	69	69	69	69	69	69	69	69	69	69	69	69	69	69	69	69	70	70	70	70	70	70	70	70	70	70	70	70	70	70	70	70	70	70	70	71	71	71	71	71	71	71	71	72	72	72	72	72	73	73	74	74	74	74	74	74	74	74	74	74	74	74	74	74	74	74	74	74	74	74	74	74	74	74	74	75	75	75	75	75	75	75	75	75	77
molecules.ENST00000229314.10	100	100	100	100	100	0	100	100	100	100	100	100	100	100	100	100	100	100	100	100	100	100	100	100	100	100	100	0	100	100	100	100	100	100	99	100	100	100	100	100	102	102	102	102	102	103	103	103	103	103	103	103	103	103	103	103	106	106	106	106	106	106	106	106	106	106	104	106	106	106	0	106	106	106	106	106	106	106	106	106	106	105	106	105	106	106	106	106	106	106	106	106	106	106	106	106	105	107	107	109
molecules.ENST00000229379.3	5357	5359	5362	5371	5371	5373	5365	5375	5378	5377	5381	5382	5381	5371	5383	5390	5413	5397	5432	5422	5444	5445	5451	5452	5446	5460	5460	5460	5450	5460	5460	5467	5481	5484	5497	5500	5503	5508	5510	5511	5513	5513	5513	5513	5529	5533	5534	5537	5538	5538	5541	5541	5553	5557	5559	5558	5571	5583	5586	5597	5640	5647	5652	5657	5667	5673	5679	5680	5682	5680	5682	5682	5682	5681	5689	5690	5691	5692	5699	5704	5706	5709	5718	5718	5724	5725	5730	5729	5736	5739	5739	5741	5739	5737	5735	5713	5652	5657	5641	5641
molecules.ENST00000229563.6	980	980	980	980	980	981	981	981	981	981	982	981	983	983	983	983	983	983	984	984	985	985	986	986	986	986	986	986	986	986	984	987	987	987	987	987	987	987	984	987	987	987	988	985	988	988	989	990	990	991	992	994	996	996	996	996	996	996	996	996	996	996	996	996	996	996	996	998	998	996	998	998	998	998	998	998	998	998	997	998	997	998	998	998	996	998	998	998	998	998	998	998	998	998	998	998	998	998	998	998
molecules.ENST00000229570.9	219	219	219	219	219	219	219	219	219	219	219	218	219	220	220	220	220	220	220	220	220	220	220	220	220	220	220	220	220	220	220	220	220	222	222	222	222	223	223	223	223	223	223	223	223	0	222	223	223	223	223	222	223	224	224	224	224	224	224	224	224	224	224	224	224	224	224	224	225	225	221	218	218	218	218	218	218	218	218	218	218	218	218	218	218	218	218	218	218	218	218	218	216	216	216	216	216	216	216	217
molecules.ENST00000229866.10	2	2	2	2	2	2	2	2	2	2	2	2	2	2	2	2	2	2	2	2	2	2	2	2	2	2	2	2	2	2	2	2	2	2	2	2	2	2	2	2	2	2	2	2	2	2	2	2	2	2	2	2	2	2	2	2	2	2	2	2	2	2	2	2	2	2	2	2	2	2	2	2	2	2	2	2	2	2	2	2	0	2	2	2	2	2	2	2	2	2	2	2	2	2	2	2	2	2	2	2
molecules.ENST00000230048.5	286	286	286	287	287	287	287	288	288	288	288	290	290	287	290	290	290	290	0	293	293	293	293	293	293	293	293	293	293	293	294	294	294	294	294	294	294	294	294	294	294	294	294	294	294	294	294	293	294	294	294	294	294	295	295	295	295	295	295	295	295	295	0	295	295	295	295	295	294	294	294	294	294	294	294	293	292	290	292	292	292	292	292	292	292	291	292	292	293	291	291	291	289	285	285	285	285	283	287	287
molecules.ENST00000230050.4	8021	8019	8020	8019	8024	8017	8022	8019	8024	8021	8023	8024	8024	8024	8024	8024	8024	8023	8024	8020	8024	8024	8024	8024	8024	8022	8024	8024	8018	8024	8023	8024	8024	8024	8000	8024	8024	8023	8024	8024	8024	8024	8024	8024	8024	8024	8023	8021	8024	8006	8024	8023	8023	8021	8024	8024	8021	8020	8010	8024	8023	8024	8024	8022	8021	8024	8018	8016	8024	8024	8024	8024	8024	8024	8024	8024	8024	8019	8023	8024	8024	8023	8024	8024	8023	8023	8022	8020	8019	7971	7978	7984	7979	7979	7979	7961	7853	7429	7422	7400
molecules.ENST00000230568.5	531	533	533	533	533	535	535	535	535	536	536	536	536	536	536	536	535	536	536	536	536	536	536	536	536	536	536	536	535	536	536	535	536	535	536	536	537	533	537	537	537	537	537	537	537	533	537	536	537	537	537	537	537	537	537	537	537	537	537	537	538	538	538	538	538	538	538	538	538	538	538	0	512	538	538	538	538	538	538	538	537	538	538	538	538	538	538	538	538	532	534	534	534	534	534	533	533	533	533	533
molecules.ENST00000230895.11	193	193	193	193	193	193	193	193	193	193	193	193	193	191	193	193	193	193	193	193	194	194	194	194	194	194	194	195	195	195	195	195	196	196	193	107	106	105	105	106	107	107	108	108	108	108	108	108	108	108	80	79	80	80	80	80	80	80	80	80	80	80	80	0	80	80	81	81	81	81	81	86	86	86	88	88	89	89	90	90	91	93	93	94	95	96	96	96	96	95	96	96	96	97	97	97	97	97	97	98
molecules.ENST00000232125.9	5	5	5	5	5	5	5	5	5	5	5	5	5	5	5	5	5	5	5	5	5	5	5	5	5	5	5	5	5	5	5	5	5	5	5	5	5	5	5	5	5	5	5	5	5	5	5	5	5	5	5	5	5	5	5	5	5	5	5	5	5	5	5	5	5	5	5	5	5	5	5	5	5	5	5	5	5	5	5	5	5	5	5	5	5	5	5	5	5	5	5	5	5	5	5	5	5	5	5	5
molecules.ENST00000232496.5	443	443	443	443	443	443	444	445	445	443	445	445	445	445	445	445	444	445	445	445	445	446	446	447	448	448	448	450	451	451	451	451	452	454	454	454	454	454	454	454	456	456	456	456	457	457	458	458	460	461	461	461	461	461	461	461	461	461	462	462	462	462	462	461	462	462	462	464	464	464	464	464	464	464	464	468	468	468	468	468	468	470	470	470	471	471	471	471	471	471	471	471	471	471	471	471	471	472	472	472
molecules.ENST00000232519.9	10	10	10	10	10	10	10	10	10	10	10	10	10	10	10	11	11	11	11	11	11	11	11	11	11	11	11	11	12	12	12	12	12	12	12	12	12	12	12	12	12	12	12	12	12	12	12	13	13	13	13	13	13	13	14	14	14	14	14	14	14	14	14	14	14	14	14	14	14	14	15	15	15	15	15	15	15	15	15	15	16	16	16	16	16	16	15	14	13	13	13	13	13	14	14	14	14	14	15	16
molecules.ENST00000232905.4	1356	1364	1364	1368	1366	1368	1368	1368	0	1368	1368	1368	1368	1369	1373	1373	1374	1375	1378	1371	1378	1375	1377	1378	1379	1379	1380	1383	1396	1396	1397	1397	1400	1400	1403	1405	1405	1407	1407	1412	1412	1413	1413	1414	1418	1418	1426	1430	1437	1438	1437	1438	1438	1438	1438	1438	0	1439	1440	1441	1444	1445	1447	1447	1450	1450	1452	1452	1455	1461	1459	1461	1460	1463	1467	1468	1453	1324	1311	1326	1327	1327	1330	1330	1330	1330	23	1341	1345	1346	1363	1362	1363	1379	1385	1387	1389	1389	1393	1398
molecules.ENST00000232975.8	1	1	1	1	1	1	1	1	1	1	1	1	1	1	1	1	1	1	1	1	1	1	1	1	1	1	1	1	1	1	1	1	1	1	1	1	1	1	1	1	1	1	1	1	1	1	1	1	1	1	1	1	1	1	1	1	1	1	1	1	1	1	1	1	1	1	1	1	1	1	1	1	1	1	1	1	1	1	1	1	1	1	1	1	1	1	1	1	1	1	1	1	1	1	1	1	1	1	1	1
molecules.ENST00000230085.13	1896	1897	1900	1900	1900	1896	1898	1901	1902	1902	1902	1904	1904	1904	1904	1903	1904	1904	1905	1906	1906	1906	1906	1907	1908	1908	1909	1908	1909	1916	1925	1925	1922	0	1935	1935	1935	1939	1940	1942	1943	1944	1951	1951	1953	1953	1953	1953	1954	1955	1955	1955	1954	1959	1963	1963	1963	1963	1964	1965	1965	1967	1968	1968	1975	1976	1979	1995	1996	1998	2006	2009	2012	2001	2023	2025	2026	2026	2026	2044	2045	2047	2047	2049	2052	2056	2058	2061	2063	2064	2063	2059	2062	2066	2067	2070	2069	2072	2087	2093
molecules.ENST00000233047.9	52	52	51	52	52	52	52	52	52	52	52	52	52	52	52	52	52	52	52	52	52	52	52	52	52	52	52	52	52	52	52	52	52	52	52	52	52	52	52	52	52	52	52	52	52	52	52	52	52	52	52	52	52	52	52	52	52	52	52	52	52	52	52	52	52	52	52	52	52	52	52	52	52	52	52	52	52	52	52	52	52	52	52	52	52	52	52	52	52	52	52	52	52	52	52	52	52	52	51	51
molecules.ENST00000233092.10	2	2	2	2	2	2	2	2	2	2	2	2	2	2	2	2	2	2	2	2	2	2	2	2	2	2	2	2	2	2	2	2	2	2	2	2	2	2	2	2	2	2	2	2	2	2	2	2	2	2	2	2	2	2	2	2	2	2	2	2	2	2	2	2	2	2	2	2	2	2	2	2	2	2	2	2	2	2	2	2	2	2	2	2	2	2	2	2	2	2	2	2	2	2	2	2	2	2	2	2
molecules.ENST00000233143.6	8012	8013	8013	8013	8012	8012	7998	8013	8006	8013	8013	8012	8012	8012	7895	8013	8014	8014	8007	8014	8014	8013	8011	8014	8014	8014	8014	8014	8014	8013	8013	8015	8013	8007	8014	8013	8015	8015	8015	8013	8015	8015	8015	8015	8015	8008	8013	8012	8015	8015	8015	8015	8011	8014	8014	8008	8015	8012	8015	8015	8007	8015	8015	8015	8008	8015	8015	8011	8015	8015	8014	8014	8013	0	8015	8015	8012	8015	8015	8015	8014	8010	8015	8015	8013	8015	8015	8009	8015	8015	8015	8015	8015	8015	8001	8015	8003	8015	8014	8015
molecules.ENST00000233468.5	2551	2551	2551	2553	2552	2551	2554	2554	2563	2563	2563	2566	2567	2569	2571	2571	2573	2576	2604	2609	2609	2610	2623	2624	2635	2648	2647	2649	2663	2663	2674	2675	2675	2690	2691	2702	2702	2700	2700	2700	2663	2664	2672	2673	2673	2681	2684	2692	2698	2699	2700	2707	2709	2710	2710	2710	2713	2714	2723	2724	2725	2730	2733	2731	2745	2745	2752	2755	2755	2755	2755	2750	2756	2761	2761	2760	2761	2773	2773	2788	2791	2790	2758	2763	2770	2775	2779	2789	2793	2796	2799	2806	2806	2826	2827	2825	2836	2839	2841	2843
molecules.ENST00000233505.12	1	1	1	1	1	1	1	1	1	1	1	1	1	1	1	1	1	1	1	1	1	1	1	1	1	1	1	1	0	1	1	1	1	1	1	1	1	1	1	1	1	1	1	1	1	1	1	1	1	1	1	1	1	1	1	1	1	1	1	1	0	1	1	1	1	1	1	1	1	1	1	1	1	1	1	1	1	1	1	1	1	1	1	1	1	1	1	1	1	1	1	1	1	1	1	1	1	1	1	1
molecules.ENST00000229281.6	4028	4029	4029	4033	4030	4033	4038	4034	4038	4039	4039	4039	4039	4039	4042	4044	4043	4044	4048	4050	4051	4051	4051	4051	4054	4058	4059	4061	4063	4069	4061	4071	4073	4072	4073	4075	4078	4092	4096	4098	4099	4100	4100	4100	4100	4102	4107	4106	4108	4111	4111	4112	4117	4119	4119	4119	4121	4121	4121	4119	4150	4151	4155	4157	4158	4155	4159	4161	4161	4168	4171	4171	4173	4173	4175	4175	4176	4176	4173	4176	4180	4183	4183	4187	4188	4188	4184	4188	4187	4189	4189	4189	4191	4189	4190	4191	4191	4190	4190	4189
molecules.ENST00000225525.4	149	149	149	149	149	149	149	149	149	149	149	148	149	149	149	150	151	151	153	153	153	153	152	153	153	153	154	154	154	154	154	154	155	154	155	156	156	156	156	156	156	156	156	158	157	159	160	160	160	160	161	161	161	161	161	161	159	161	161	161	161	161	161	161	162	162	162	163	162	163	163	164	169	169	170	170	171	171	171	171	171	172	172	172	172	172	172	172	172	172	172	172	174	175	176	176	178	180	181	181
molecules.ENST00000224073.6	5881	5881	5881	5881	5878	5889	5892	5891	5892	5898	5900	5887	5901	5906	5919	5918	5916	5919	5940	5940	5943	5949	5954	5951	5952	5959	5959	5960	5960	0	5963	5963	5965	5999	6005	6005	6029	6101	6107	6112	6116	6114	6115	6116	6138	6140	6143	6152	6164	6165	6166	6167	6163	6175	6177	6178	6181	6182	6190	6202	6202	6205	6211	6213	6211	6212	6198	6239	6244	6244	6252	6256	6251	6284	6287	6264	6285	6291	6289	6291	6295	6297	6294	6293	6294	6294	6294	6296	6299	6298	6301	6304	6321	6320	6301	6327	6329	6327	6330	6328
molecules.ENST00000225655.6	6742	6746	6735	6766	6764	6792	6794	6803	6811	6813	6817	6822	6826	6843	6847	6862	6865	6864	6908	6920	6923	6923	6930	6936	6936	6938	6891	6924	6954	6962	6962	6961	7003	7008	7015	7021	7022	7026	7046	7057	7061	7065	7015	7146	7150	7154	7163	7174	7185	7200	7214	7218	7223	7230	7231	7254	7256	7279	7294	7341	7374	7457	7462	7472	7522	7529	7547	7564	7592	7595	7593	7638	7642	7648	7648	7647	7648	0	7687	7684	7711	7740	7788	7829	7840	7867	7936	7932	7965	7841	7862	7872	7990	8002	8003	8017	8029	8042	8008	8071
molecules.ENST00000225728.8	25	25	25	25	25	25	25	0	25	25	25	25	25	25	25	25	25	25	25	25	25	25	25	25	25	25	25	1	1	1	1	1	1	1	1	1	1	1	1	1	1	1	1	1	1	1	1	1	1	1	1	1	1	1	1	1	1	1	1	1	1	1	1	1	1	1	1	1	1	1	1	1	1	1	1	1	1	1	1	1	1	1	1	1	1	1	1	1	1	1	1	1	1	1	1	1	1	1	1	1
